%"Collected By Brett Hamlin September 04, 2011, Copper harbor, MI"			
%Latitude	Longitude	Elivation (m)	Distrnce (m)
%47.46672	-87.886898	150.023	0
%47.466828	-87.886961	147.683	0.101
%47.467202	-87.887168	164.053	0.101
%47.467238	-87.887179	167.072	0.101
%47.46727	-87.88717	167.422	0.392
%47.467329	-87.887137	167.123	3.744
%47.467367	-87.886963	164.633	16.458
%47.467398	-87.886942	163.572	16.706
%47.467492	-87.886877	166.494	20.249
%47.467492	-87.88683	169.993	23.705
%47.467537	-87.886781	176.743	29.266
%47.467584	-87.886743	181.403	34.646
%47.467439	-87.88697	191.484	35.266
%47.467475	-87.886956	196.424	40.686
%47.467583	-87.886932	198.864	52.799
%47.467687	-87.886902	200.474	64.61
%47.467763	-87.88688	199.923	76.097
%47.467677	-87.886975	201.773	78.832
%47.467567	-87.887064	202.013	92.385
%47.467383	-87.887219	197.972	115.614
%47.467304	-87.8873	192.141	126.287
47.467959	-87.886712	192.283	196.538
47.467875	-87.886744	191.783	206.18
47.467785	-87.886792	191.804	216.835
47.467753	-87.886961	192.214	230.72
47.467856	-87.88762	190.811	281.689
47.468005	-87.888485	187.961	348.972
47.468142	-87.889234	186.832	407.431
47.468302	-87.890171	184.492	480.311
47.468484	-87.891185	184.033	559.429
47.468646	-87.89208	183.612	629.237
47.468814	-87.89306	183.512	705.475
47.468932	-87.893703	183.571	755.685
47.469084	-87.894488	183.521	817.24
47.469233	-87.895332	183.191	882.982
47.469365	-87.896059	183.312	939.708
47.469495	-87.896727	183.782	992.09
47.469642	-87.897527	186.322	1054.621
47.469801	-87.898362	188.601	1120.02
47.469996	-87.8994	190.03	1201.207
47.470062	-87.900103	191.582	1254.82
47.470034	-87.900649	194.746	1296.15
47.46994	-87.901311	198.281	1347.137
47.469856	-87.901864	199.109	1389.981
47.469723	-87.902289	201.361	1425.205
47.469651	-87.902594	203.332	1449.619
47.469614	-87.902911	205.662	1473.814
47.469634	-87.903503	209.012	1518.545
47.469688	-87.904084	210.95	1562.744
47.469711	-87.904593	214.402	1601.242
47.469735	-87.904897	217.523	1624.308
47.46976	-87.905149	220.915	1643.516
47.469762	-87.905418	222.509	1663.917
47.469724	-87.905641	225.66	1681.427
47.46964	-87.905768	227.799	1694.766
47.469504	-87.90584	229.809	1711.016
47.469377	-87.905799	229.638	1725.647
47.469246	-87.905672	230.788	1743.08
47.469131	-87.905457	232.217	1763.894
47.469052	-87.905264	233.657	1780.834
47.468981	-87.905084	235.737	1796.566
47.468914	-87.904916	237.797	1811.293
47.468864	-87.904783	240.068	1822.796
47.468799	-87.904593	242.787	1838.865
47.468754	-87.904417	244.937	1853.047
47.468698	-87.904177	247.267	1872.167
47.468634	-87.903887	249.727	1895.119
47.468586	-87.903621	251.237	1915.912
47.468527	-87.903386	252.747	1934.796
47.468438	-87.903065	254.367	1960.932
47.468336	-87.902723	255.878	1989.179
47.46823	-87.902459	258.018	2012.349
47.468049	-87.902075	260.647	2047.609
47.467919	-87.901783	262.267	2073.961
47.46776	-87.901382	264.158	2108.98
47.467636	-87.9009	266.107	2147.841
47.467526	-87.9004	267.768	2187.52
47.467422	-87.899893	270.067	2227.438
47.467368	-87.899412	271.638	2264.214
47.467358	-87.898943	271.967	2299.56
47.467353	-87.898858	271.786	2306.053
47.467231	-87.898543	271.597	2334.197
47.467114	-87.898533	272.509	2347.361
47.467003	-87.898653	274.099	2363.034
47.466991	-87.898896	275.018	2381.56
47.46703	-87.899225	276.26	2406.746
47.46702	-87.899594	279.64	2434.72
47.466933	-87.899927	282.62	2461.659
47.466818	-87.900225	284.009	2487.52
47.466774	-87.900501	285.92	2508.972
47.466782	-87.900802	288.89	2531.908
47.466798	-87.901085	292.18	2553.346
47.466783	-87.901411	295.769	2577.933
47.466759	-87.901664	298.849	2597.204
47.466738	-87.901938	301.639	2618.031
47.466713	-87.902145	303.569	2633.831
47.466672	-87.902401	306.739	2653.711
47.466618	-87.902611	308.198	2670.619
47.466544	-87.902798	310.099	2687.022
47.466476	-87.90299	312.168	2703.381
47.466386	-87.903234	314.338	2724.304
47.466307	-87.903481	317.748	2744.903
47.466247	-87.903749	319.957	2766.208
47.466212	-87.904096	320.267	2792.715
47.466193	-87.904418	321.557	2817.119
47.466169	-87.90472	324.528	2839.982
47.466143	-87.905027	326.587	2863.328
47.466116	-87.905377	330.217	2889.886
47.466093	-87.905763	331.867	2919.104
47.466072	-87.906191	332.796	2951.454
47.466058	-87.906629	333.606	2984.578
47.466039	-87.907269	334.236	3032.893
47.466011	-87.907848	334.405	3076.651
47.465965	-87.908568	335.465	3131.117
47.465929	-87.909275	337.856	3184.603
47.465905	-87.90978	340.616	3222.797
47.465877	-87.910338	342.736	3264.98
47.465839	-87.910968	343.564	3312.61
47.465801	-87.911538	343.794	3355.869
47.465764	-87.912279	344.864	3411.831
47.465733	-87.913076	345.524	3472.029
47.465715	-87.913774	347.604	3524.735
47.465701	-87.91445	349.995	3575.685
47.465692	-87.915135	353.083	3627.364
47.465693	-87.915799	353.832	3677.424
47.46571	-87.916419	353.952	3724.28
47.465753	-87.916948	353.751	3764.419
47.465825	-87.91733	351.359	3794.375
47.466001	-87.917973	345.667	3846.673
47.466213	-87.918759	342.14	3910.411
47.466293	-87.919349	341.551	3955.852
47.46627	-87.920065	340.982	4010.018
47.466178	-87.920666	342.493	4056.518
47.466089	-87.920988	345.185	4082.726
47.465921	-87.921382	348.662	4117.985
47.465704	-87.921778	352.462	4156.368
47.465561	-87.9221	354.301	4185.511
47.465474	-87.922368	355.181	4207.96
47.46553	-87.922574	354.96	4224.857
47.46558	-87.922757	354.28	4239.712
47.46566	-87.922741	355.711	4249.598
47.465762	-87.922737	356.641	4260.972
47.465789	-87.922726	356.701	4264.168
47.465848	-87.922702	356.69	4270.866
47.465965	-87.922784	357.181	4285.428
47.466039	-87.922874	357.091	4296.282
47.466121	-87.922961	356.871	4308.776
47.466162	-87.922824	357.22	4320.395
47.466206	-87.922604	356.199	4337.976
47.466219	-87.922408	356.259	4352.801
47.466234	-87.922157	355.499	4372.081
47.466221	-87.921958	355.079	4387.649
47.466251	-87.921715	353.068	4406.335
47.466259	-87.921664	352.497	4410.29
47.46628	-87.921455	349.757	4426.255
47.466348	-87.921507	348.397	4435.655
47.466372	-87.921636	348.599	4445.682
47.466387	-87.921822	349.97	4460.065
47.466391	-87.921905	350.07	4466.3
47.466445	-87.921939	350.23	4474.449
47.466474	-87.921769	350.099	4487.862
47.466453	-87.921627	349.248	4499.173
47.466435	-87.921453	348.227	4512.811
47.466431	-87.921342	347.638	4521.139
47.466526	-87.921266	346.989	4536.802
47.466602	-87.921406	346.75	4550.377
47.466661	-87.921655	346.78	4570.068
47.466722	-87.921688	346.48	4577.346
47.466751	-87.921587	345.94	4585.753
47.466819	-87.921431	344.85	4599.69
47.466877	-87.921246	342.959	4615.067
47.466921	-87.921037	341.479	4631.748
47.466952	-87.920815	340.59	4649.168
47.466942	-87.920682	340.33	4659.358
47.466946	-87.920392	339.449	4681.332
47.466869	-87.920062	339.491	4709.252
47.466837	-87.92003	339.671	4713.458
47.466737	-87.919871	339.75	4730.136
47.466778	-87.919672	339.951	4746.426
47.466843	-87.919469	339.909	4763.487
47.466914	-87.919229	339.489	4783.268
47.466899	-87.918984	339.45	4802.449
47.466851	-87.918805	338.89	4816.895
47.466755	-87.918685	338.591	4831.002
47.466709	-87.918543	337.609	4843.088
47.466748	-87.918406	337.751	4854.64
47.466767	-87.918367	338.021	4858.186
47.466935	-87.918148	339.612	4883.833
47.466999	-87.918114	339.492	4891.405
47.467081	-87.917909	339.751	4909.671
47.467173	-87.917753	339.151	4925.193
47.467211	-87.91756	338.721	4940.402
47.467217	-87.917415	337.88	4951.311
47.467093	-87.917127	336.38	4978.643
47.46703	-87.91699	335.139	4993.067
47.467038	-87.916679	334.58	5016.609
47.467028	-87.916549	334.711	5026.489
47.467091	-87.916286	334.13	5047.634
47.467113	-87.916032	333.37	5066.914
47.467061	-87.915747	331.9	5089.386
47.467034	-87.915363	331.241	5118.751
47.467034	-87.9151	330.361	5138.7
47.467034	-87.914738	330.052	5166.4
47.467008	-87.914365	330.192	5194.694
47.466996	-87.914304	330.352	5199.414
47.466955	-87.914019	331.353	5221.431
47.466948	-87.91366	332.202	5248.488
47.466963	-87.913542	332.022	5257.57
47.466958	-87.913343	332.032	5272.537
47.46686	-87.91304	331.591	5298.434
47.466773	-87.912953	332.243	5310.142
47.466657	-87.913046	333.213	5325.291
47.466645	-87.912999	333.373	5328.952
47.466699	-87.912557	333.241	5363.004
47.466711	-87.912376	332.691	5376.621
47.466764	-87.912187	331.962	5392.069
47.466793	-87.91192	331.293	5412.465
47.466808	-87.911853	330.822	5417.78
47.466801	-87.911571	330.023	5440.43
47.466798	-87.911332	329.272	5458.603
47.466749	-87.911163	329.353	5472.513
47.466674	-87.910896	329.253	5494.964
47.466743	-87.910645	327.882	5515.47
47.46682	-87.910471	326.291	5531.125
47.466878	-87.910351	324.921	5542.201
47.46691	-87.910112	324.683	5561.058
47.466949	-87.910063	324.253	5571.909
47.466958	-87.910279	323.532	5588.168
47.46693	-87.910445	323.313	5601.036
47.466965	-87.910403	323.343	5607.507
47.466985	-87.910199	322.722	5622.977
47.46703	-87.910021	322.092	5637.316
47.467052	-87.909757	321.702	5657.443
47.467063	-87.909695	321.433	5662.289
47.467084	-87.909418	320.232	5683.295
47.467101	-87.909163	317.891	5702.584
47.467123	-87.908985	316.12	5716.226
47.467107	-87.908677	314.182	5739.511
47.467104	-87.908432	313.703	5758.014
47.467168	-87.908426	312.723	5771.056
47.46723	-87.908466	311.883	5784.068
47.46728	-87.90824	309.651	5801.955
47.46728	-87.908163	309.383	5807.7
47.467229	-87.907698	306.602	5843.205
47.467217	-87.907534	305.652	5855.642
47.467218	-87.907398	304.872	5865.862
47.467306	-87.907539	304.163	5881.383
47.467295	-87.907716	304.203	5894.469
47.467333	-87.907652	303.733	5901.658
47.467332	-87.90744	303.343	5917.533
47.467296	-87.90721	302.362	5935.25
47.467253	-87.907006	301.523	5951.531
47.46727	-87.906848	300.823	5963.505
47.46727	-87.90647	299.823	5992.132
47.467238	-87.906012	298.636	6027.764
47.467194	-87.905818	298.575	6043.202
47.467124	-87.905602	298.044	6061.267
47.467125	-87.905243	295.613	6088.935
47.467202	-87.905168	294.824	6100.56
47.467304	-87.905048	294.425	6116.889
47.467322	-87.904841	293.924	6132.741
47.467295	-87.904552	293.765	6154.773
47.467258	-87.904295	294.015	6174.57
47.467229	-87.904121	293.354	6187.976
47.467282	-87.90417	292.734	6195.914
47.467338	-87.904282	292.234	6206.352
47.467443	-87.904633	290.855	6235.285
47.467617	-87.904928	289.384	6264.853
47.467636	-87.905	289.235	6270.624
47.46765	-87.905291	287.824	6292.814
47.467574	-87.905573	288.016	6315.805
47.467534	-87.905957	288.596	6345.435
47.467513	-87.90624	288.366	6366.857
47.467554	-87.906294	287.595	6376.232
47.467545	-87.906156	286.774	6386.638
47.467557	-87.906078	286.243	6392.516
47.467662	-87.905702	284.505	6423.176
47.467735	-87.905408	283.154	6446.88
47.467779	-87.90503	281.585	6476.015
47.467775	-87.904965	281.335	6480.922
47.467766	-87.904619	279.904	6507.024
47.467767	-87.904535	279.344	6513.381
47.467724	-87.904118	277.144	6545.51
47.467771	-87.903865	276.234	6565.397
47.467761	-87.903656	275.084	6581.204
47.467755	-87.903523	274.894	6591.202
47.467733	-87.90331	274.985	6607.435
47.467702	-87.903097	274.896	6623.845
47.467704	-87.902952	274.324	6634.756
47.467645	-87.902662	273.185	6658.109
47.46754	-87.902374	271.585	6682.741
47.467486	-87.902165	270.816	6699.624
47.467466	-87.901803	269.535	6727.118
47.467492	-87.90174	268.615	6734.532
47.467533	-87.901765	268.806	6739.376
47.467614	-87.901852	268.926	6750.495
47.467682	-87.902187	268.987	6777.403
47.467709	-87.902286	269.047	6785.597
47.467818	-87.902595	269.948	6812.754
47.46783	-87.902661	269.967	6817.838
47.467892	-87.90298	270.497	6842.971
47.467941	-87.903302	271.538	6867.975
47.467939	-87.903422	272.249	6877.058
47.468006	-87.903604	272.939	6892.865
47.468058	-87.903953	273.438	6919.985
47.468057	-87.904238	274.029	6941.47
47.468054	-87.90438	274.158	6952.199
47.468051	-87.904709	275.368	6976.988
47.468056	-87.90477	275.518	6981.617
47.46805	-87.905106	275.357	7007.078
47.468076	-87.90538	275.006	7028.2
47.468081	-87.905605	274.336	7045.07
47.468094	-87.906007	274.026	7075.712
47.468095	-87.906066	274.037	7080.102
47.4681	-87.906246	273.747	7093.822
47.468131	-87.906539	272.686	7116.136
47.468174	-87.906672	272.046	7127.198
47.468203	-87.906896	270.796	7144.357
47.468229	-87.907182	270.776	7166.011
47.468206	-87.907471	270.576	7188.044
47.468217	-87.907684	270.416	7204.355
47.468219	-87.907887	270.417	7219.614
47.468211	-87.907949	270.687	7224.275
47.468192	-87.90823	271.928	7245.765
47.468223	-87.908609	272.848	7274.511
47.46823	-87.90875	273.077	7285.163
47.46825	-87.909031	272.985	7306.494
47.468238	-87.909167	273.186	7316.801
47.468219	-87.909476	274.186	7340.157
47.468224	-87.909725	274.735	7358.942
47.468265	-87.909934	274.105	7375.948
47.468279	-87.909833	272.674	7383.789
47.468283	-87.909759	271.913	7389.389
47.468341	-87.909251	268.983	7428.17
47.468371	-87.90899	267.523	7448.124
47.468418	-87.908539	264.462	7482.568
47.468457	-87.908084	261.252	7517.168
47.468502	-87.907657	258.753	7549.697
47.468514	-87.907576	258.082	7555.938
47.468521	-87.907352	256.552	7572.834
47.468562	-87.907035	253.713	7597.152
47.468622	-87.907069	252.113	7608.148
47.468617	-87.907266	251.623	7623
47.468621	-87.907474	251.705	7638.669
47.468649	-87.907859	251.185	7667.846
47.468661	-87.908074	250.715	7684.085
47.468694	-87.908507	249.574	7716.968
47.468696	-87.908742	249.505	7734.714
47.468711	-87.908669	249.875	7741.179
47.468709	-87.90836	249.065	7764.389
47.468718	-87.908074	248.355	7786.034
47.468713	-87.908003	248.065	7791.401
47.468708	-87.907613	247.575	7820.862
47.468729	-87.907151	245.614	7855.755
47.468739	-87.907073	244.954	7861.736
47.468771	-87.906769	242.413	7884.829
47.468791	-87.906538	240.723	7902.477
47.468823	-87.906247	238.943	7924.613
47.468864	-87.906124	238.264	7936.818
47.468879	-87.906287	238.215	7949.262
47.468876	-87.906449	238.015	7961.425
47.468887	-87.906725	237.355	7982.101
47.468885	-87.90699	237.636	8002.068
47.468876	-87.907107	237.756	8010.921
47.468878	-87.907411	239.787	8034.005
47.468891	-87.907472	240.157	8038.797
47.468931	-87.907605	240.757	8049.762
47.468948	-87.907753	240.937	8061.024
47.468975	-87.907972	241.527	8077.841
47.469005	-87.908181	242.537	8093.922
47.469061	-87.908362	243.558	8108.897
47.469127	-87.908617	244.938	8129.599
47.469163	-87.908745	245.528	8140.034
47.469222	-87.909046	246.248	8163.865
47.46931	-87.909275	246.568	8185.068
47.469325	-87.909141	244.806	8196.182
47.469324	-87.909066	244.206	8201.84
47.469358	-87.908915	243.426	8215.037
47.469419	-87.90901	244.007	8224.887
47.469432	-87.909296	244.537	8246.561
47.469496	-87.909384	244.216	8256.157
47.469578	-87.909559	243.685	8273.813
47.469626	-87.909664	243.755	8286.816
47.469824	-87.909597	240.395	8309.4
47.469857	-87.909466	240.446	8319.91
47.469831	-87.909236	238.134	8337.424
47.469834	-87.909157	238.185	8343.366
47.469885	-87.908859	236.954	8366.613
47.469898	-87.908531	234.963	8391.495
47.469976	-87.908603	234.854	8400.134
47.470037	-87.908623	234.255	8407.166
47.470089	-87.908393	232.944	8425.386
47.470094	-87.908305	232.304	8432.04
47.470009	-87.907915	229.613	8464.109
47.469941	-87.907931	228.963	8472.516
47.46988	-87.908115	227.814	8488.031
47.469852	-87.908131	227.384	8492.159
47.469875	-87.908016	227.454	8501.071
47.469887	-87.907939	227.014	8507.021
47.469906	-87.907751	226.364	8521.38
47.469996	-87.907456	226.215	8545.634
47.470151	-87.907328	224.455	8566.118
47.470213	-87.907426	223.594	8576.186
47.47027	-87.907451	222.195	8583.819
47.470271	-87.907381	221.584	8589.099
47.470137	-87.907016	220.325	8620.933
47.470126	-87.906529	217.344	8657.704
47.470129	-87.90636	216.264	8670.432
47.470241	-87.906146	215.194	8691.454
47.47033	-87.906156	215.736	8701.362
47.470409	-87.906319	215.335	8716.658
47.470468	-87.906537	214.735	8734.406
47.470594	-87.906781	213.565	8757.461
47.470697	-87.907011	212.135	8778.877
47.470643	-87.907178	211.805	8793.006
47.470646	-87.907352	212.047	8806.542
47.470717	-87.90732	212.297	8825.247
47.470722	-87.907129	213.548	8839.598
47.470763	-87.907017	212.896	8849.227
47.470867	-87.906834	210.735	8869.489
47.470738	-87.906853	210.266	8883.821
47.470664	-87.90678	210.226	8893.676
47.47066	-87.906676	209.506	8901.665
47.470664	-87.906615	209.285	8906.282
47.470696	-87.906627	209.336	8911.722
47.470706	-87.906677	209.387	8915.68
47.470735	-87.906782	209.407	8924.208
47.470867	-87.906683	207.165	8942.556
47.470838	-87.906582	206.514	8950.652
47.470828	-87.906523	205.684	8955.147
47.470813	-87.906265	204.455	8974.622
47.47082	-87.90614	202.014	8984.126
47.470854	-87.906021	200.536	8993.825
47.47087	-87.90589	199.595	9003.928
47.470876	-87.90581	199.065	9009.963
47.470972	-87.905715	196.463	9023.449
47.470958	-87.905681	195.544	9026.63
47.470847	-87.905634	193.323	9039.158
47.470814	-87.90554	192.475	9047.36
47.470777	-87.905539	192.215	9051.387
47.470686	-87.905532	192.546	9061.544
47.470558	-87.905466	192.967	9076.698
47.470393	-87.905306	194.428	9098.537
47.470338	-87.905229	194.797	9107.052
47.470213	-87.90509	196.327	9124.409
47.469988	-87.90485	198.247	9155.257
47.469856	-87.904667	200.547	9175.662
47.469795	-87.904432	201.056	9194.854
47.469728	-87.903985	200.076	9229.396
47.469631	-87.903662	199.946	9256.317
47.469588	-87.902878	199.806	9315.658
47.469597	-87.902693	199.686	9329.599
47.469631	-87.90242	199.376	9350.51
47.469613	-87.901963	198.677	9385.15
47.469598	-87.901422	198.137	9425.958
47.46962	-87.90115	196.966	9446.618
47.469636	-87.90078	195.676	9474.695
47.469603	-87.900481	193.845	9497.564
47.469444	-87.899881	189.936	9546.103
47.469297	-87.899586	188.106	9573.804
47.46914	-87.899144	187.296	9611.575
47.468972	-87.898397	187.327	9670.963
47.468854	-87.897686	186.286	9726.141
47.468817	-87.897503	186.527	9740.517
47.468622	-87.896829	186.208	9795.807
47.468511	-87.896178	185.938	9846.557
47.468418	-87.895532	186.41	9896.3
47.468323	-87.894939	186.349	9942.295
47.468316	-87.894854	186.509	9948.718
47.468217	-87.894179	186.319	10000.84
47.468112	-87.893794	187.039	10032.135
47.468042	-87.893299	187.659	10070.286
47.468021	-87.893256	188.08	10074.268
47.467896	-87.893288	190.091	10089.544
47.467611	-87.893624	194.28	10130.139
47.467308	-87.894144	197.091	10181.886
47.467035	-87.89471	197.95	10234.229
47.466751	-87.895123	198.07	10278.586
47.466432	-87.895535	198.32	10325.697
47.466129	-87.89592	200.821	10370.198
47.465825	-87.896288	204.822	10413.949
47.465614	-87.896564	207.282	10445.286
47.465584	-87.896607	207.562	10449.949
47.465525	-87.896862	209.18	10470.918
47.4655	-87.897199	211.48	10496.541
47.465464	-87.897505	215.46	10519.976
47.465436	-87.897812	216.76	10543.36
47.465416	-87.898059	219.049	10562.144
47.465401	-87.898356	219.319	10584.601
47.465372	-87.898638	222.12	10606.276
47.465368	-87.89885	219.838	10622.386
47.465335	-87.899055	218.809	10638.389
47.465294	-87.899146	219.909	10646.759
47.465172	-87.899289	222.479	10664.172
47.46511	-87.899508	225.269	10682.102
47.465086	-87.899653	228.099	10694.599
47.465038	-87.899767	229.168	10705.075
47.465038	-87.899894	231.719	10714.744
47.465102	-87.900222	231.599	10740.428
47.4651	-87.900413	232.739	10755.015
47.465116	-87.900555	232.329	10765.862
47.465143	-87.900723	235.299	10779.021
47.465142	-87.900872	238.85	10790.295
47.465154	-87.901021	242.77	10801.537
47.465156	-87.90118	243.719	10813.497
47.465111	-87.901401	244.228	10830.872
47.465093	-87.901603	241.797	10846.215
47.465069	-87.901875	241.437	10866.865
47.465037	-87.902099	238.136	10884.176
47.464997	-87.902332	236.436	10902.291
47.46498	-87.902536	237.817	10917.814
47.464952	-87.902771	242.407	10935.732
47.464907	-87.902967	243.967	10951.596
47.464851	-87.903293	242.607	10976.903
47.464829	-87.903579	242.847	10998.57
47.464816	-87.90376	244.587	11012.224
47.464821	-87.903926	247.918	11025.272
47.4648	-87.903954	247.878	11028.329
47.464695	-87.904144	249.908	11046.986
47.464622	-87.90446	250.937	11072.081
47.464576	-87.904739	253.867	11093.985
47.464585	-87.904987	255.927	11112.755
47.464617	-87.90521	252.296	11130.102
47.464664	-87.90531	252.527	11139.283
47.464651	-87.905451	251.186	11150.38
47.464604	-87.90567	255.518	11167.853
47.464573	-87.905887	256.867	11184.6
47.464513	-87.906185	255.926	11207.968
47.464482	-87.906439	257.996	11227.671
47.464482	-87.906677	258.456	11245.744
47.464474	-87.906872	254.444	11260.674
47.46449	-87.907062	254.874	11275.295
47.46439	-87.907099	252.433	11287.661
47.464264	-87.907005	249.893	11303.673
47.464221	-87.907075	248.844	11311.089
47.464231	-87.90719	249.244	11319.85
47.464281	-87.907416	249.335	11337.724
47.464322	-87.907497	248.695	11345.395
47.464314	-87.907695	247.414	11360.639
47.464309	-87.907842	246.874	11371.761
47.46425	-87.908205	245.745	11399.931
47.464137	-87.908217	245.195	11414.668
47.464023	-87.908204	246.555	11427.545
47.463979	-87.908315	252.536	11438.251
47.463983	-87.908351	253.646	11440.984
47.463988	-87.908456	256.286	11448.93
47.464004	-87.908647	256.485	11463.536
47.464005	-87.908882	253.534	11481.203
47.46398	-87.90909	250.633	11497.189
47.4639	-87.909205	251.915	11509.755
47.463857	-87.909247	252.485	11515.422
47.463743	-87.909366	254.754	11531.103
47.463696	-87.909427	253.954	11538.065
47.46363	-87.909397	254.014	11546.091
47.463578	-87.909275	254.274	11557.316
47.463396	-87.909248	257.175	11577.717
47.463352	-87.909222	256.825	11582.944
47.463151	-87.909088	256.565	11607.76
47.463109	-87.909182	257.895	11617.281
47.463069	-87.909779	258.445	11662.543
47.463094	-87.909994	256.914	11678.819
47.463093	-87.910137	257.134	11689.549
47.463033	-87.910696	255.194	11732.339
47.463018	-87.910835	254.964	11742.946
47.463004	-87.911318	256.144	11779.454
47.463003	-87.911466	256.894	11790.63
47.46294	-87.91177	258.994	11814.617
47.462881	-87.91204	261.845	11835.974
47.46282	-87.912367	263.605	11861.564
47.462745	-87.912767	261.834	11892.848
47.462726	-87.912898	262.474	11902.933
47.462687	-87.913169	263.473	11923.922
47.462655	-87.91351	265.804	11949.902
47.462655	-87.913641	266.194	11959.757
47.462645	-87.914151	263.363	11998.213
47.462644	-87.914217	263.273	12003.181
47.462618	-87.914605	262.303	12032.572
47.462628	-87.914828	264.474	12049.408
47.462646	-87.915118	267.164	12071.375
47.462671	-87.915417	267.764	12094.005
47.462684	-87.915726	269.494	12117.311
47.462687	-87.915989	269.623	12137.197
47.462716	-87.916218	268.903	12154.807
47.462705	-87.91648	270.504	12174.592
47.462679	-87.916823	270.771	12200.557
47.462663	-87.917134	270.471	12224.079
47.462645	-87.917383	270.262	12242.941
47.46258	-87.917738	267.25	12270.698
47.462539	-87.917979	269.281	12289.495
47.462493	-87.918401	264.299	12321.783
47.462486	-87.918472	263.499	12327.161
47.462427	-87.918797	259.439	12352.479
47.462289	-87.919252	260.8	12390.111
47.462263	-87.919315	260.82	12395.696
47.462075	-87.919598	259.91	12425.617
47.46202	-87.919852	263.441	12445.854
47.462004	-87.919994	268.223	12456.722
47.461885	-87.920106	268.922	12472.681
47.461786	-87.920104	268.94	12484.366
47.461741	-87.920061	269.561	12490.335
47.461656	-87.920139	274.392	12502.027
47.461593	-87.920265	280.742	12513.919
47.461549	-87.920352	285.553	12522.201
47.461491	-87.920457	290.552	12532.504
47.461448	-87.920487	293.712	12537.722
47.461382	-87.920531	294.231	12545.782
47.461314	-87.920639	295.921	12556.81
47.461266	-87.920716	295.43	12564.689
47.46121	-87.920865	296.94	12577.597
47.461186	-87.921029	298.61	12590.529
47.461193	-87.92132	296.109	12612.517
47.461182	-87.921656	294.369	12637.931
47.461123	-87.921976	295.001	12662.928
47.461106	-87.922011	295.01	12666.222
47.461033	-87.922009	295.48	12675.368
47.46098	-87.921864	296.56	12687.854
47.460959	-87.921697	297.089	12700.785
47.460945	-87.92161	296.789	12707.582
47.460851	-87.921313	297.109	12732.331
47.460867	-87.921114	296.869	12747.495
47.46087	-87.921059	296.588	12751.599
47.460848	-87.920777	296.068	12773.468
47.460748	-87.920624	296.789	12789.491
47.460696	-87.92056	297.42	12797.042
47.460623	-87.920594	298.47	12806.398
47.460578	-87.920678	300.32	12814.437
47.460499	-87.920825	303.491	12828.792
47.460478	-87.920959	304.712	12839.119
47.460419	-87.921094	306.03	12851.285
47.460302	-87.921094	306.43	12864.878
47.460229	-87.920939	306.929	12879.109
47.460215	-87.920886	306.999	12883.362
47.460087	-87.920795	306.159	12900.074
47.459995	-87.920698	305.519	12912.936
47.459977	-87.920669	305.899	12915.896
47.459869	-87.920473	307.729	12935.55
47.459766	-87.92036	308.029	12949.983
47.459638	-87.920218	306.958	12967.832
47.459614	-87.919861	306.649	12994.897
47.45966	-87.919721	306.248	13006.488
47.459681	-87.919429	305.508	13028.615
47.459687	-87.919371	305.528	13033.053
47.459716	-87.919135	304.738	13051.107
47.459802	-87.918998	304.188	13065.162
47.459901	-87.918913	303.408	13078.356
47.459934	-87.918933	303.328	13082.277
47.459994	-87.918989	303.939	13090.286
47.460109	-87.919016	303.578	13103.379
47.460209	-87.918855	303.909	13121.492
47.460219	-87.918728	303.229	13131.12
47.460276	-87.918496	301.488	13150.004
47.460408	-87.918282	300.588	13172.413
47.460562	-87.918203	302.359	13190.504
47.460702	-87.918007	301.639	13212.249
47.460844	-87.917763	300.559	13236.544
47.460899	-87.91745	298.138	13260.987
47.46097	-87.917228	296.308	13279.557
47.461005	-87.916935	294.748	13302.142
47.461008	-87.916751	292.938	13316.839
47.460924	-87.91666	292.839	13328.875
47.460893	-87.916649	292.959	13332.443
47.460803	-87.916603	293.33	13342.978
47.460597	-87.916603	293.569	13366.255
47.46053	-87.916582	294.541	13373.785
47.460399	-87.916532	297.552	13389.264
47.460378	-87.916518	298.633	13391.751
47.460269	-87.916389	302.121	13407.907
47.460177	-87.916177	302.88	13427.032
47.460133	-87.916062	303.2	13437.101
47.460223	-87.915986	303.14	13449.867
47.460287	-87.915918	302.81	13458.592
47.460348	-87.915811	302.71	13469.087
47.460419	-87.91562	302.059	13485.612
47.460543	-87.915381	301.309	13508.256
47.46074	-87.915102	298.938	13538.679
47.460824	-87.914974	298.089	13552.112
47.461018	-87.914533	297.119	13591.945
47.461083	-87.914364	297.07	13606.63
47.461166	-87.914209	297.19	13621.504
47.461298	-87.913879	295.539	13651.097
47.461272	-87.913533	293.39	13677.569
47.461321	-87.913251	293.38	13699.563
47.461336	-87.912873	293.009	13728.082
47.461354	-87.912619	293.54	13747.386
47.461382	-87.912503	293.169	13756.596
47.461414	-87.91226	293.522	13775.395
47.461371	-87.912075	294.092	13790.197
47.461367	-87.911918	294.872	13802.053
47.461313	-87.911798	295.572	13813.043
47.461251	-87.911657	297.453	13825.613
47.4612	-87.911444	299.773	13842.663
47.461161	-87.911323	301.593	13852.754
47.461115	-87.911187	302.483	13864.209
47.461105	-87.910922	302.822	13884.198
47.461071	-87.910666	302.582	13903.994
47.461024	-87.910431	302.532	13922.553
47.460985	-87.910248	305.164	13937.259
47.460932	-87.910146	307.564	13946.959
47.460874	-87.910021	309.814	13958.463
47.46076	-87.909944	311.053	13972.345
47.460746	-87.909935	311.564	13974.114
47.460693	-87.909814	314.404	13984.961
47.460635	-87.909719	316.635	13994.535
47.460615	-87.909679	317.164	13998.251
47.460561	-87.909604	317.993	14006.478
47.460489	-87.909476	318.334	14018.969
47.46041	-87.909384	320.205	14030.16
47.460383	-87.909279	321.384	14038.777
47.460332	-87.90907	324.465	14055.772
47.460302	-87.908923	324.384	14067.659
47.460213	-87.908807	324.424	14081.837
47.460201	-87.908726	324.544	14088.513
47.460219	-87.908542	324.994	14102.699
47.460215	-87.908336	324.363	14118.444
47.460207	-87.908261	324.103	14124.053
47.460149	-87.908228	324.574	14132.42
47.460144	-87.908252	325.064	14134.312
47.46012	-87.908409	325.834	14146.409
47.460102	-87.908536	325.844	14156.354
47.460007	-87.9087	326.794	14172.963
47.459932	-87.908875	327.974	14188.79
47.459897	-87.908991	327.523	14198.376
47.459898	-87.909248	328.124	14218.024
47.459792	-87.909402	328.403	14234.764
47.459719	-87.90947	328.854	14244.3
47.459655	-87.909524	329.915	14252.58
47.459596	-87.909441	329.693	14262.448
47.459581	-87.90938	329.593	14267.307
47.459542	-87.909248	329.082	14278.195
47.459547	-87.908987	328.032	14297.99
47.459591	-87.908634	327.752	14325.045
47.459593	-87.908201	327.112	14357.771
47.459603	-87.907829	323.74	14385.83
47.45955	-87.907396	321.841	14419.037
47.459523	-87.907124	320.922	14439.751
47.459439	-87.906676	320.732	14474.803
47.459424	-87.906599	320.622	14480.847
47.459418	-87.906101	320.212	14518.574
47.459418	-87.906022	320.142	14524.485
47.45948	-87.905887	319.542	14537.758
47.459632	-87.905862	318.563	14554.917
47.459794	-87.905862	318.043	14573.354
47.459885	-87.906115	317.323	14598.926
47.45987	-87.906186	317.213	14604.523
47.459823	-87.906414	316.493	14622.419
47.459785	-87.906738	315.342	14647.302
47.459734	-87.907028	313.753	14669.861
47.459727	-87.907333	313.393	14693.047
47.459711	-87.907741	317.055	14723.891
47.459705	-87.90779	317.145	14727.663
47.45979	-87.907894	318.234	14741.836
47.459928	-87.907867	320.555	14757.328
47.460051	-87.907523	321.003	14787.203
47.460064	-87.907347	321.214	14800.566
47.460155	-87.907313	322.355	14817.447
47.460205	-87.907413	322.214	14826.777
47.460281	-87.907754	321.974	14853.805
47.460352	-87.907924	320.973	14869.156
47.460436	-87.907939	320.493	14879.514
47.460475	-87.907745	319.983	14894.693
47.460534	-87.907616	319.533	14906.313
47.460603	-87.90726	317.632	14934.807
47.460637	-87.907042	315.852	14951.857
47.460637	-87.906834	315.042	14967.573
47.460677	-87.906582	313.351	14987.149
47.460719	-87.906315	311.191	15007.772
47.460779	-87.906042	310.573	15029.463
47.46077	-87.905671	310.514	15057.819
47.460788	-87.90562	310.664	15062.135
47.460866	-87.905322	311.224	15086.369
47.460902	-87.905216	310.833	15095.317
47.460929	-87.904873	310.343	15121.404
47.460938	-87.904799	310.253	15127.119
47.46106	-87.904429	309.934	15158.554
47.461116	-87.904287	309.674	15170.935
47.461118	-87.903967	308.914	15196.09
47.461103	-87.903684	308.725	15217.908
47.461113	-87.903386	308.044	15240.59
47.461111	-87.903314	307.714	15246.021
47.461142	-87.902881	306.124	15278.845
47.461201	-87.902488	305.234	15309.588
47.461155	-87.902381	305.444	15319.568
47.461013	-87.902223	306.396	15339.229
47.461022	-87.901927	308.205	15362.155
47.461033	-87.901756	308.585	15375.082
47.461041	-87.901693	308.475	15379.873
47.461045	-87.901383	307.774	15403.309
47.460983	-87.901045	307.014	15429.863
47.460895	-87.900898	306.815	15444.906
47.460867	-87.900756	306.205	15456.103
47.460859	-87.900644	305.496	15464.57
47.460962	-87.900347	303.555	15489.615
47.460962	-87.900286	302.794	15494.132
47.460959	-87.900096	300.994	15508.544
47.460997	-87.89988	297.784	15525.51
47.46109	-87.899711	295.784	15542.907
47.461134	-87.899796	298.176	15553.564
47.461138	-87.899937	299.036	15564.128
47.461165	-87.900073	299.176	15574.716
47.461203	-87.900034	299.707	15582.109
47.461196	-87.899892	300.387	15593.155
47.461309	-87.899708	300.827	15612.882
47.461368	-87.899806	300.787	15622.946
47.461466	-87.89998	298.946	15643.21
47.461493	-87.899794	297.786	15658.01
47.461537	-87.899593	296.556	15674.19
47.461612	-87.899449	296.116	15688.208
47.461628	-87.899318	295.265	15698.226
47.461675	-87.899219	294.696	15707.341
47.461704	-87.898963	292.935	15727.076
47.461736	-87.898759	290.955	15742.981
47.461675	-87.89848	287.985	15765.19
47.461655	-87.898216	285.244	15786.86
47.461677	-87.897977	282.665	15804.937
47.461706	-87.897737	280.074	15823.349
47.461732	-87.897385	276.724	15850.251
47.461735	-87.897243	275.094	15860.96
47.461824	-87.897034	272.464	15880.694
47.461926	-87.897112	271.065	15893.525
47.461983	-87.897269	270.085	15907.132
47.462044	-87.897355	269.916	15917.087
47.46206	-87.897262	269.095	15924.426
47.462036	-87.897085	268.395	15938.311
47.462114	-87.897137	268.687	15947.832
47.462166	-87.897279	268.466	15959.969
47.462233	-87.897479	266.866	15977.024
47.462261	-87.897725	265.466	15995.895
47.46229	-87.897784	264.166	16002.492
47.462318	-87.897713	263.475	16008.648
47.462333	-87.897558	263.156	16020.642
47.462327	-87.897499	263.357	16025.126
47.462323	-87.897305	262.966	16039.753
47.462303	-87.897062	262.036	16058.186
47.462368	-87.896781	259.415	16080.872
47.462389	-87.896708	258.875	16086.831
47.462407	-87.896353	257.596	16113.912
47.462415	-87.896213	256.935	16124.499
47.462405	-87.895994	255.515	16141
47.462357	-87.895682	252.476	16165.569
47.462341	-87.895578	252.566	16173.603
47.46232	-87.89554	252.237	16177.236
47.462308	-87.89542	253.267	16186.487
47.462324	-87.89527	252.947	16197.997
47.462314	-87.895054	252.327	16214.282
47.462347	-87.894797	252.287	16234.622
47.462356	-87.894605	252.638	16249.485
47.462372	-87.894404	252.897	16264.94
47.462369	-87.894244	253.259	16277.397
47.462312	-87.893979	253.428	16298.54
47.462322	-87.893863	253.679	16307.315
47.462322	-87.893728	253.188	16317.534
47.462243	-87.893495	252.478	16337.94
47.462218	-87.893453	252.288	16342.128
47.46226	-87.893282	251.868	16357.549
47.462268	-87.89311	251.058	16370.768
47.462178	-87.89283	250.178	16394.284
47.462087	-87.892674	249.337	16409.827
47.462068	-87.892485	247.327	16425.141
47.46217	-87.892507	246.408	16437.028
47.462316	-87.892596	245.588	16454.745
47.46236	-87.892512	245.328	16462.782
47.462377	-87.892261	244.127	16481.917
47.46236	-87.892099	243.177	16494.315
47.462305	-87.891868	241.407	16512.786
47.462378	-87.89192	240.757	16521.973
47.462481	-87.892006	239.908	16535.559
47.46251	-87.891961	239.958	16540.145
47.462544	-87.891637	239.139	16566.04
47.462533	-87.891531	238.789	16574.145
47.462414	-87.891469	238.6	16589.647
47.462324	-87.891322	238.979	16605.676
47.462293	-87.891146	238.989	16619.393
47.462203	-87.891063	240.421	16632.596
47.46206	-87.89117	240.99	16650.647
47.462004	-87.891352	241.94	16665.784
47.461922	-87.891385	243.261	16676.233
47.461886	-87.891279	243.33	16685.19
47.461815	-87.891067	244.96	16703.079
47.461747	-87.890927	246.531	16716.071
47.461726	-87.890869	247.551	16721.001
47.461672	-87.89081	249.181	16728.483
47.461649	-87.890789	249.1	16731.547
47.461621	-87.890814	248.97	16735.965
47.461634	-87.890956	249.57	16746.852
47.461595	-87.891011	251.701	16752.919
47.461583	-87.891029	251.911	16754.856
47.461555	-87.891225	253.313	16770.106
47.461475	-87.891248	253.4	16779.653
47.461367	-87.891087	253.12	16797.139
47.461323	-87.890903	252.529	16811.755
47.461203	-87.890842	251.359	16826.024
47.46116	-87.890829	251.299	16830.893
47.46103	-87.890754	249.629	16846.721
47.460995	-87.890661	248.739	16854.626
47.460888	-87.890456	248.15	16874.194
47.460776	-87.890384	248.46	16887.755
47.460636	-87.890234	248.831	16907.026
47.460539	-87.89015	248.65	16919.481
47.460442	-87.890231	249.291	16933.944
47.460403	-87.890423	250.461	16949.18
47.460452	-87.890564	250.721	16961.645
47.460544	-87.890608	251.221	16972.674
47.460564	-87.890671	251.722	16977.897
47.460585	-87.89083	252.361	16990.174
47.460723	-87.890945	252.32	17008.401
47.460793	-87.890971	253.021	17016.411
47.460833	-87.891125	253.851	17029.067
47.460879	-87.891369	254.3	17048.27
47.460939	-87.891563	255.441	17064.587
47.460955	-87.891713	256.461	17076.163
47.46098	-87.891928	257.05	17092.678
47.460978	-87.891959	257.46	17095.024
47.460888	-87.892105	260.341	17110.131
47.460917	-87.89228	261.721	17124.282
47.460944	-87.892487	262.72	17140.622
47.460929	-87.89257	263.212	17147.094
47.46093	-87.892687	263.901	17155.921
47.46086	-87.892827	264.741	17169.37
47.460845	-87.892866	264.15	17172.719
47.460768	-87.89303	265.3	17187.801
47.460796	-87.893165	266.381	17198.708
47.460763	-87.893347	266.64	17213.266
47.460769	-87.89351	266.78	17226.034
47.460717	-87.893592	267.39	17234.503
47.46068	-87.893644	267.75	17240.174
47.460692	-87.893846	268.771	17256.006
47.460681	-87.894043	269.44	17271.348
47.46057	-87.894215	270.33	17289.249
47.460565	-87.894398	271.36	17303.702
47.460671	-87.894506	273.17	17318.454
47.460822	-87.894601	272.849	17336.778
47.460854	-87.894626	272.589	17340.813
47.46099	-87.894677	271.658	17356.288
47.46101	-87.894867	270.838	17371.915
47.461007	-87.895029	270.438	17384.475
47.461023	-87.895139	269.969	17393.381
47.460966	-87.895157	269.468	17400.534
47.460874	-87.895117	269.448	17411.282
47.460852	-87.895124	269.208	17413.815
47.460795	-87.89517	270.959	17421.089
47.460768	-87.895312	273.08	17433.307
47.460832	-87.895547	275.34	17452.383
47.460852	-87.895803	275.749	17471.788
47.460863	-87.8959	276.059	17479.225
47.460937	-87.895961	277.169	17489.135
47.460978	-87.896093	278.911	17501.313
47.460968	-87.896176	279.14	17507.641
47.461032	-87.89635	280.5	17522.68
47.461115	-87.89658	280.929	17542.29
47.461122	-87.896621	280.649	17545.432
47.461136	-87.896846	280.809	17562.483
47.461096	-87.896956	281.85	17572.465
47.460994	-87.897043	282.519	17585.561
47.460996	-87.897217	284.86	17599.313
47.461016	-87.897379	287.791	17611.538
47.461024	-87.897409	288.601	17614.008
47.461072	-87.89755	288.939	17625.934
47.461017	-87.897719	290.079	17640.178
47.461047	-87.897849	293.189	17651.139
47.461074	-87.897929	294.92	17657.954
47.461064	-87.898125	296.992	17673.075
47.4611	-87.898322	299.03	17688.674
47.461071	-87.898525	299.549	17704.264
47.461005	-87.898684	300.869	17718.606
47.460999	-87.898759	301.49	17724.272
47.460977	-87.899045	303.5	17746.032
47.460956	-87.899201	303.339	17758.047
47.460918	-87.899354	304.909	17770.344
47.460909	-87.899383	304.879	17772.719
47.460817	-87.899464	306.229	17786.817
47.460772	-87.89942	306.518	17792.764
47.460679	-87.899277	305.547	17807.801
47.460659	-87.899151	304.756	17817.569
47.460654	-87.899017	304.206	17827.665
47.460726	-87.898641	301.905	17857.235
47.460747	-87.89856	301.366	17863.751
47.46076	-87.898294	299.476	17884.221
47.460704	-87.898166	298.766	17895.717
47.460609	-87.898149	299.357	17908.376
47.460609	-87.898295	301.768	17919.243
47.460569	-87.898545	305.339	17938.751
47.460537	-87.898749	306.678	17955.124
47.460496	-87.898814	307.858	17963.309
47.460377	-87.898739	307.958	17977.708
47.460321	-87.898703	308.558	17984.514
47.460253	-87.898718	309.369	17992.225
47.460209	-87.898887	310.838	18006.303
47.460211	-87.899065	313.589	18019.76
47.460159	-87.899161	314.48	18028.995
47.460149	-87.899344	316.309	18043.055
47.460105	-87.899419	316.959	18050.446
47.459948	-87.899543	319.569	18070.524
47.459888	-87.899603	320.609	18078.764
47.459761	-87.899658	322.929	18093.762
47.459672	-87.89973	323.498	18105.405
47.459562	-87.899902	323.278	18123.546
47.459479	-87.900087	324.188	18140.438
47.459377	-87.900184	324.937	18154.051
47.459344	-87.90033	325.907	18166.251
47.459256	-87.900471	328.288	18181.106
47.459236	-87.900479	328.619	18183.401
47.459118	-87.900549	329.968	18197.645
47.459091	-87.900702	331.158	18209.876
47.459111	-87.900935	331.667	18227.766
47.459157	-87.901196	331.607	18248.28
47.459089	-87.901375	331.227	18263.93
47.458961	-87.901457	331.557	18279.62
47.458831	-87.901424	332.148	18294.524
47.458748	-87.901277	331.606	18309.112
47.45864	-87.901119	331.215	18326.436
47.458458	-87.90111	330.966	18346.87
47.458331	-87.901195	331.546	18362.409
47.458208	-87.901255	332.346	18376.766
47.458191	-87.901367	333.267	18386.809
47.458228	-87.901427	333.596	18392.924
47.45839	-87.901605	334.777	18415.413
47.458636	-87.901661	335.377	18443.297
47.45876	-87.901827	335.136	18462.071
47.458858	-87.90215	334.866	18488.807
47.458947	-87.902407	334.146	18510.505
47.458939	-87.902629	333.055	18527.249
47.458972	-87.903042	331.035	18558.909
47.45899	-87.903108	331.125	18564.282
47.459019	-87.903228	330.995	18573.891
47.459123	-87.903513	329.525	18598.272
47.459152	-87.903815	328.945	18621.846
47.459125	-87.90393	328.675	18631.022
47.458964	-87.904241	328.665	18660.77
47.458937	-87.904291	328.715	18665.604
47.458824	-87.904728	329.025	18701.12
47.458784	-87.904897	329.145	18714.616
47.458752	-87.905144	329.695	18733.59
47.458633	-87.905521	330.535	18765.036
47.458609	-87.905566	330.695	18769.325
47.458431	-87.905727	331.766	18792.69
47.458327	-87.905911	332.256	18810.809
47.458288	-87.906124	333.146	18827.547
47.458227	-87.906448	335.045	18853.751
47.458229	-87.906582	335.375	18863.803
47.458152	-87.906777	335.645	18881.383
47.458051	-87.906901	336.785	18895.963
47.457899	-87.907093	337.234	18918.233
47.457772	-87.907238	336.754	18936.344
47.457762	-87.907291	336.824	18940.499
47.457846	-87.907584	335.553	18964.514
47.457846	-87.907883	335.744	18987.534
47.45775	-87.907914	336.634	18999.989
47.457711	-87.907879	337.034	19004.987
47.457493	-87.907685	337.733	19033.442
47.457295	-87.907619	337.613	19056.137
47.456946	-87.907689	337.823	19095.393
47.456699	-87.907786	339.304	19123.78
47.456633	-87.907796	339.985	19131.149
47.456565	-87.907631	340.273	19146.368
47.456524	-87.90736	341.704	19167.253
47.456415	-87.907317	342.584	19180.469
47.456326	-87.907269	343.434	19191.012
47.456224	-87.907244	343.765	19202.563
47.456074	-87.907072	343.893	19223.817
47.455936	-87.907108	344.194	19239.684
47.45583	-87.907235	344.023	19254.897
47.455796	-87.907266	343.923	19259.286
47.455777	-87.907564	346.035	19282.255
47.455748	-87.907789	346.274	19299.467
47.455757	-87.907883	345.814	19306.649
47.455787	-87.908083	345.564	19322.081
47.455748	-87.908172	345.814	19330.422
47.455642	-87.908089	346.544	19344.18
47.455489	-87.907833	345.943	19370.02
47.45532	-87.907583	344.342	19396.708
47.455284	-87.907333	344.102	19416.165
47.455303	-87.907045	344.583	19437.967
47.455315	-87.906723	344.933	19462.255
47.455282	-87.90662	344.342	19470.874
47.455258	-87.906385	343.523	19489.018
47.455246	-87.906244	343.453	19499.712
47.455266	-87.905873	343.983	19527.934
47.455301	-87.905583	345.652	19550.145
47.45529	-87.905348	345.452	19568.026
47.45531	-87.905228	345.523	19577.393
47.45536	-87.90496	345.363	19598.264
47.455387	-87.904874	345.243	19605.413
47.455474	-87.904566	345.614	19630.702
47.455512	-87.904283	348.224	19652.446
47.455554	-87.904067	348.663	19669.434
47.455561	-87.904035	348.584	19671.983
47.455518	-87.903856	348.113	19686.7
47.455552	-87.903744	347.163	19695.942
47.455595	-87.903491	345.733	19715.614
47.45561	-87.903446	345.363	19719.335
47.455683	-87.903343	345.073	19730.51
47.455732	-87.903076	341.871	19751.395
47.455752	-87.902922	340.591	19763.266
47.455768	-87.902775	339.821	19774.43
47.455781	-87.902548	338.892	19791.534
47.455835	-87.902281	337.252	19812.756
47.455812	-87.902129	335.322	19824.524
47.455782	-87.901778	332.422	19851.135
47.455683	-87.901489	329.051	19875.667
47.455702	-87.901202	325.711	19898.139
47.455731	-87.901077	323.93	19908.126
47.455779	-87.900961	322.701	19918.333
47.455874	-87.900659	321.082	19943.501
47.455973	-87.900337	319.882	19970.292
47.456038	-87.900198	318.753	19983.985
47.45613	-87.900164	318.583	19994.631
47.45616	-87.900099	319.194	20000.59
47.456198	-87.899793	319.553	20024.657
47.45619	-87.899627	318.303	20037.215
47.45616	-87.899443	317.062	20051.454
47.456141	-87.899252	316.372	20066.001
47.456111	-87.899102	316.533	20077.825
47.45613	-87.898828	313.212	20098.745
47.456146	-87.898751	312.202	20104.696
47.456174	-87.898546	310.844	20120.553
47.456232	-87.898243	307.193	20144.751
47.456245	-87.898068	305.014	20158.303
47.456249	-87.89784	303.032	20175.489
47.456282	-87.897675	301.123	20188.483
47.456307	-87.897334	296.452	20215.401
47.456359	-87.89715	295.052	20230.995
47.456384	-87.897032	293.793	20240.358
47.456427	-87.896895	292.352	20251.764
47.456403	-87.896736	290.13	20265.215
47.456315	-87.896636	288.282	20277.34
47.456327	-87.896481	286.373	20288.963
47.456342	-87.896364	285.104	20298.008
47.45643	-87.896268	284.214	20310.055
47.456411	-87.896183	282.813	20316.909
47.456366	-87.895967	279.032	20339.745
47.456484	-87.895869	278.824	20354.671
47.456452	-87.895821	278.134	20361.317
47.456353	-87.895826	277.614	20372.811
47.456375	-87.895748	277.956	20378.975
47.456429	-87.895701	278.167	20385.969
47.45657	-87.895706	277.876	20401.626
47.456643	-87.895719	276.976	20411.835
47.456557	-87.89563	274.844	20423.522
47.456429	-87.89554	274.215	20439.301
47.45643	-87.895496	273.796	20446.284
47.456516	-87.89548	273.927	20457.354
47.456458	-87.895402	274.687	20470.077
47.456409	-87.895409	274.567	20475.565
47.456257	-87.895419	273.376	20492.442
47.456201	-87.895237	272.926	20508.565
47.456194	-87.895182	273.457	20512.827
47.45618	-87.894879	271.436	20536.006
47.456263	-87.894498	266.704	20566.13
47.456272	-87.894226	263.744	20586.672
47.456283	-87.894166	262.744	20591.352
47.456296	-87.894049	260.924	20600.262
47.456383	-87.893756	258.164	20624.489
47.456424	-87.893617	256.455	20635.874
47.45644	-87.893368	254.785	20654.766
47.456511	-87.893116	255.248	20675.587
47.456576	-87.892952	255.398	20689.954
47.456594	-87.892854	255.458	20697.635
47.456613	-87.892777	256.108	20703.735
47.456573	-87.892595	261.18	20717.979
47.45653	-87.892488	265.291	20727.491
47.456493	-87.89242	268.9	20733.983
47.456426	-87.8923	268.138	20745.837
47.45642	-87.892101	262.896	20760.815
47.456411	-87.891892	259.536	20776.665
47.45643	-87.891661	257.026	20794.503
47.456457	-87.89153	254.214	20804.799
47.456436	-87.891234	250.154	20827.522
47.456469	-87.890954	247.475	20848.944
47.456583	-87.890635	242.585	20876.215
47.456593	-87.890514	241.415	20885.419
47.456562	-87.890278	238.655	20903.579
47.456586	-87.890061	237.226	20920.233
47.456595	-87.890004	236.926	20924.608
47.456628	-87.889703	235.727	20947.692
47.456627	-87.889629	236.227	20953.13
47.456633	-87.889587	235.397	20956.307
47.456659	-87.889508	238.129	20962.782
47.456694	-87.889473	237.839	20967.458
47.456774	-87.889256	237.86	20986.231
47.456752	-87.888989	236.988	21006.485
47.456733	-87.88887	235.358	21015.686
47.456716	-87.888755	234.048	21024.557
47.456663	-87.888572	232.317	21039.616
47.456659	-87.888339	230.478	21057.249
47.456717	-87.888195	230.568	21069.817
47.456762	-87.888078	229.719	21079.93
47.45677	-87.888023	231.149	21084.196
47.456716	-87.88792	231.099	21094.126
47.456691	-87.887791	229.828	21104.339
47.456648	-87.887575	228.858	21121.397
47.456657	-87.887424	228.749	21132.792
47.456658	-87.887054	230.808	21160.665
47.45666	-87.886937	230.938	21169.479
47.456681	-87.886658	230.788	21190.975
47.456722	-87.886602	230.508	21197.046
47.456766	-87.886507	229.968	21205.901
47.456749	-87.886299	226.387	21221.692
47.456834	-87.886146	225.549	21236.872
47.456888	-87.885982	226.31	21250.524
47.456902	-87.88587	227.211	21259.063
47.456932	-87.885518	227.33	21285.799
47.456937	-87.885272	226.269	21304.303
47.456996	-87.885047	224.979	21322.645
47.457049	-87.884742	226.24	21346.219
47.457042	-87.884458	224.6	21367.944
47.457061	-87.884402	224.41	21372.643
47.457123	-87.884154	225.561	21392.962
47.457115	-87.884039	226.891	21401.534
47.457075	-87.883679	228.201	21428.907
47.457028	-87.883434	230.312	21448.026
47.457064	-87.883256	232.272	21461.991
47.457063	-87.883199	232.482	21466.296
47.457064	-87.882947	231.331	21485.266
47.457048	-87.882741	230.91	21500.962
47.457086	-87.882478	229.15	21521.792
47.457206	-87.882245	227.261	21543.958
47.457269	-87.882056	225.409	21559.823
47.457371	-87.881936	224.03	21574.34
47.457405	-87.881892	223.51	21579.331
47.457503	-87.881789	222.419	21592.809
47.457616	-87.881641	222.66	21610.686
47.457614	-87.881604	223.091	21613.176
47.457621	-87.881593	223.921	21614.352
47.457637	-87.8816	224.361	21616.256
47.457767	-87.881555	223.391	21631.153
47.457812	-87.881528	223.221	21636.497
47.457974	-87.881427	223.091	21656.2
47.458034	-87.881404	223.772	21663.09
47.458214	-87.881366	224.203	21683.68
47.458335	-87.881201	223.002	21701.926
47.458364	-87.881011	223.322	21717.112
47.458351	-87.880935	222.752	21722.946
47.458445	-87.880674	220.281	21746.001
47.458546	-87.880454	218.011	21765.973
47.458638	-87.880327	217.352	21780.02
47.458656	-87.880302	217.492	21782.77
47.458668	-87.880102	216.481	21798.465
47.458664	-87.880048	216.081	21802.551
47.458655	-87.879844	214.521	21819.079
47.458616	-87.879689	213.431	21832.153
47.458658	-87.879491	212.481	21847.784
47.458674	-87.879389	212.351	21855.688
47.458689	-87.879228	210.711	21867.938
47.458763	-87.879075	210.652	21882.131
47.458922	-87.878962	210.683	21902.098
47.458959	-87.878955	210.853	21906.186
47.459037	-87.879092	212.744	21919.684
47.459102	-87.879218	216.776	21931.858
47.459199	-87.879324	219.596	21945.266
47.459271	-87.879471	221.175	21959.184
47.459318	-87.879573	223.526	21968.444
47.459334	-87.879644	223.875	21974.008
47.459383	-87.87976	224.556	21984.389
47.459482	-87.879742	224.785	21996.067
47.459517	-87.879577	224.723	22009.296
47.459622	-87.879428	223.783	22026.188
47.459695	-87.879361	223.994	22035.807
47.459785	-87.879198	221.972	22051.755
47.459803	-87.879149	221.382	22055.796
47.459847	-87.87888	218.892	22076.788
47.459904	-87.878751	218.683	22088.505
47.459991	-87.878646	218.243	22100.981
47.460022	-87.87847	216.022	22114.85
47.460014	-87.878441	215.832	22117.172
47.459944	-87.878396	214.122	22126.249
47.459995	-87.878349	214.093	22133.178
47.460103	-87.878402	214.234	22146.471
47.460171	-87.878637	215.025	22165.893
47.460276	-87.878676	214.964	22178.745
47.460306	-87.878669	214.984	22182.157
47.460433	-87.878759	214.974	22197.924
47.460533	-87.878933	216.304	22215.165
47.460538	-87.878965	216.914	22217.622
47.460641	-87.879072	218.215	22233.512
47.46076	-87.879111	218.625	22247.372
47.460782	-87.879173	220.196	22252.596
47.460805	-87.879235	221.267	22257.895
47.460913	-87.879218	222.505	22270.821
47.460983	-87.879219	224.086	22278.672
47.461087	-87.879264	224.435	22290.628
47.461107	-87.879377	223.725	22299.512
47.461105	-87.879407	223.655	22301.713
47.461128	-87.879608	222.354	22317.247
47.461141	-87.87981	222.015	22332.61
47.461109	-87.879975	223.745	22345.481
47.461134	-87.88019	224.015	22362.126
47.461188	-87.880438	223.964	22381.895
47.461191	-87.880675	225.225	22399.794
47.461162	-87.880972	227.335	22422.514
47.461079	-87.881243	228.795	22444.895
47.46106	-87.881347	229.294	22453.083
47.461214	-87.881519	228.693	22474.647
47.461347	-87.881642	227.502	22492.046
47.461531	-87.881852	225.691	22517.977
47.461695	-87.882026	223.431	22540.378
47.461987	-87.882269	219.831	22577.669
47.462156	-87.882429	217.6	22599.991
47.462286	-87.88259	215.33	22618.899
47.462414	-87.882877	210.8	22645.364
47.462453	-87.883062	208.6	22659.952
47.462533	-87.883208	205.39	22674.104
47.462638	-87.883444	201.09	22695.288
47.462669	-87.883549	200.841	22703.692
47.462748	-87.883701	200.582	22718.157
47.462818	-87.884004	199.992	22742.403
47.46293	-87.884601	197.981	22788.975
47.463101	-87.885204	194.79	22838.186
47.463138	-87.885305	194.229	22846.801
47.463378	-87.885683	193.031	22886.208
47.463668	-87.885969	192.192	22925.051
47.464216	-87.886304	191.312	22991.008
47.464709	-87.886615	191.103	23050.624
47.465122	-87.886869	191.312	23100.311
47.465529	-87.887157	191.843	23150.559
47.465859	-87.887388	190.093	23191.235
47.465908	-87.887431	189.693	23197.54
47.466036	-87.887652	188.472	23220.09
47.465972	-87.887813	188.412	23234.565
47.465933	-87.887864	188.422	23240.366
47.465856	-87.887978	188.473	23252.458
47.465764	-87.888292	187.551	23278.807
47.465715	-87.88853	187.131	23297.59
47.465572	-87.888783	186.741	23322.669
47.465433	-87.889132	186.812	23353.557
47.465417	-87.889369	186.992	23371.589
47.465453	-87.889769	187.262	23401.987
47.465374	-87.890044	187.512	23425.452
47.465328	-87.890083	187.862	23431.321
47.464952	-87.890346	188.081	23477.708
47.464849	-87.8904	187.871	23489.786
47.464693	-87.890437	187.661	23507.354
47.464408	-87.890598	187.751	23541.493
47.464202	-87.890914	187.852	23574.755
47.464001	-87.891249	188.492	23608.622
47.463969	-87.891273	188.632	23612.544
47.463857	-87.891188	193.29	23627.799
47.463845	-87.891122	195.14	23632.727
47.463846	-87.890925	195.47	23647.594
47.463823	-87.890718	195.82	23663.389
47.463658	-87.890214	195.53	23705.686
47.463611	-87.890093	195.38	23716.229
47.463505	-87.889997	195.72	23731.692
47.463466	-87.890076	196.19	23739.049
47.463431	-87.890169	196.731	23747.053
47.463408	-87.890452	198	23768.534
47.463392	-87.890851	196.979	23798.741
47.463406	-87.891228	195.679	23827.192
47.463409	-87.891292	195.559	23832.032
47.463399	-87.891672	194.139	23860.6
47.463482	-87.892244	194.35	23904.725
47.463466	-87.892551	194.289	23928.169
47.463412	-87.892841	194.569	23950.844
47.463396	-87.893205	196.78	23978.27
47.463399	-87.893424	199.712	23994.665
47.463379	-87.893708	204.262	24016.089
47.463341	-87.893894	207.011	24030.571
47.46335	-87.894001	208.811	24038.546
47.463394	-87.894132	211.491	24049.245
47.463441	-87.894283	213.312	24061.477
47.463471	-87.894366	213.492	24068.409
47.463617	-87.894637	213.191	24094.286
47.463616	-87.894686	212.841	24097.817
47.463566	-87.894896	211.98	24114.331
47.463593	-87.895118	210.49	24131.569
47.463637	-87.895254	209.749	24142.801
47.463625	-87.89551	209.09	24162.003
47.463606	-87.895722	211.332	24177.296
47.46358	-87.895965	212.191	24195.797
47.463686	-87.896219	214.691	24217.46
47.463712	-87.896264	214.961	24221.901
47.463829	-87.896291	216.972	24236.229
47.463926	-87.896046	217.58	24257.495
47.464005	-87.895819	217.75	24276.821
47.464097	-87.895778	218.761	24286.651
47.464302	-87.895952	221.572	24311.19
47.464463	-87.895975	221.401	24329.229
47.464627	-87.896012	218.74	24347.633
47.464773	-87.895981	218.139	24364.073
47.464931	-87.895871	215.809	24383.694
47.465032	-87.895942	214.4	24396.192
47.465097	-87.896075	213.91	24408.512
47.465257	-87.896155	210.539	24427.563
47.465363	-87.896224	208.979	24440.376
47.465502	-87.896286	209.78	24456.501
47.465518	-87.896379	211.35	24463.463
47.465511	-87.896582	211.32	24479.106
47.465583	-87.896847	210.3	24500.772
47.465563	-87.897132	209.059	24522.487
47.465493	-87.897387	209.649	24543.171
47.46547	-87.897609	209.939	24560.067
47.465451	-87.897834	210.299	24577.217
47.465461	-87.898044	210.799	24593.069
47.465468	-87.898289	213.4	24611.446
47.465452	-87.898568	215.89	24632.745
47.46544	-87.898768	218.6	24647.778
47.465402	-87.898961	220.209	24662.969
47.465323	-87.899211	221.79	24683.87
47.46522	-87.899376	224.381	24700.827
47.465155	-87.899542	226.12	24715.253
47.46514	-87.899672	228.32	24725.501
47.465125	-87.899691	229.051	24727.674
47.465069	-87.899857	232.31	24742.258
47.465088	-87.900079	232.419	24759.114
47.465129	-87.900302	232.659	24776.561
47.465123	-87.900458	233.398	24788.524
47.465132	-87.900637	234.298	24802.118
47.46517	-87.900833	235.949	24817.481
47.465201	-87.901086	237.669	24836.948
47.465202	-87.901284	239.578	24851.839
47.465181	-87.901521	239.197	24869.926
47.465164	-87.901779	240.248	24889.538
47.465123	-87.902002	241.858	24906.862
47.465055	-87.902254	242.489	24927.317
47.465035	-87.90239	243.518	24937.684
47.465098	-87.902388	244.659	24945.96
47.465152	-87.902278	245.788	24956.671
47.465171	-87.90221	246.448	24962.26
47.465208	-87.901932	249.098	24983.669
47.465236	-87.901734	252.639	24998.885
47.465307	-87.901468	252.259	25020.403
47.46531	-87.901407	252.999	25024.946
47.46536	-87.901138	251.948	25045.962
47.465374	-87.90098	250.807	25058.184
47.465492	-87.900778	245.775	25078.421
47.465559	-87.900509	243.815	25100.018
47.465605	-87.900296	242.595	25116.817
47.465639	-87.90009	242.136	25132.698
47.465674	-87.899829	243.057	25152.782
47.465701	-87.899713	243.257	25162.057
47.465762	-87.899429	241.519	25184.489
47.465808	-87.899227	242.559	25200.46
47.465857	-87.899113	243.91	25210.616
47.465985	-87.89911	244.229	25224.95
47.466054	-87.899129	244.309	25233.292
47.466032	-87.89921	245.629	25240.258
47.465981	-87.899384	247.099	25254.837
47.465962	-87.899453	247.078	25260.413
47.4659	-87.89968	248.209	25279.508
47.465883	-87.899871	249.559	25294.395
47.465851	-87.900038	250.849	25307.715
47.465783	-87.900259	251.518	25326.028
47.465788	-87.90045	252.769	25340.493
47.465813	-87.900625	253.059	25354.053
47.465797	-87.900832	254.989	25369.919
47.465813	-87.900895	255.359	25374.934
47.465769	-87.901045	257.989	25387.889
47.465746	-87.901218	258.418	25401.536
47.46572	-87.901471	259.868	25420.835
47.465762	-87.901512	259.079	25428.651
47.465764	-87.901363	260.728	25439.856
47.46578	-87.901278	261.178	25446.549
47.465876	-87.901105	260.058	25463.674
47.465965	-87.900962	259.327	25478.747
47.466058	-87.900813	257.358	25494.118
47.46612	-87.900887	256.538	25504.671
47.466112	-87.901018	257.758	25514.575
47.46609	-87.901182	261.029	25527.178
47.466029	-87.90133	263.989	25540.432
47.466025	-87.901359	264.188	25542.639
47.465987	-87.901546	266.289	25557.346
47.465931	-87.901645	269.789	25567.089
47.465917	-87.901751	271.81	25575.137
47.465931	-87.901879	273.969	25584.944
47.465897	-87.902016	276.859	25595.995
47.465886	-87.902179	278.198	25608.376
47.465884	-87.902203	278.168	25610.256
47.465892	-87.902376	280.208	25623.266
47.465864	-87.902509	281.388	25633.827
47.46586	-87.902564	281.167	25638.003
47.465887	-87.902728	280.539	25650.628
47.465895	-87.902766	280.788	25653.579
47.465828	-87.902945	281.958	25669.301
47.46582	-87.903127	282.798	25683.204
47.465799	-87.90337	284.008	25701.743
47.46579	-87.903604	285.538	25719.432
47.46578	-87.903844	287.557	25737.813
47.465734	-87.904057	288.887	25754.723
47.465724	-87.904287	289.347	25772.157
47.465682	-87.904518	289.807	25790.411
47.465665	-87.904727	291.057	25806.255
47.465666	-87.904963	292.217	25824.206
47.465676	-87.90523	294.198	25844.516
47.465646	-87.905409	294.926	25858.895
47.465606	-87.9056	296.568	25874.35
47.465614	-87.905831	296.857	25891.909
47.465569	-87.905951	297.696	25902.258
47.465547	-87.906175	299.477	25919.479
47.46554	-87.906396	299.756	25936.274
47.465531	-87.906646	299.576	25955.092
47.46554	-87.906907	300.375	25974.913
47.46551	-87.907175	301.526	25995.489
47.465502	-87.907478	303.006	26018.463
47.465519	-87.90761	303.876	26028.536
47.465476	-87.907811	303.805	26044.465
47.465471	-87.907869	303.865	26048.801
47.465479	-87.908185	304.595	26072.958
47.465447	-87.908429	305.495	26091.878
47.465437	-87.908714	306.406	26113.481
47.465409	-87.908939	306.976	26130.794
47.46542	-87.909201	308.236	26150.551
47.465425	-87.909375	309.206	26163.813
47.465428	-87.909594	309.435	26180.368
47.465431	-87.909656	309.234	26185.061
47.465414	-87.909782	308.294	26194.608
47.465399	-87.910034	308.144	26213.721
47.465378	-87.910297	309.245	26233.905
47.465382	-87.910557	309.685	26253.518
47.465392	-87.910808	310.985	26272.622
47.465405	-87.910911	310.924	26280.542
47.465369	-87.911099	312.275	26295.385
47.465367	-87.911378	311.874	26316.405
47.46534	-87.911607	311.764	26334.378
47.46531	-87.911923	312.675	26359.469
47.465293	-87.912136	312.854	26375.682
47.465297	-87.912187	313.135	26379.491
47.465294	-87.912454	314.185	26400.006
47.465301	-87.912694	315.464	26418.114
47.46529	-87.91294	315.513	26436.708
47.4653	-87.913263	315.133	26461.089
47.465281	-87.913356	315.153	26468.471
47.465244	-87.91369	317.284	26494.503
47.465245	-87.91374	317.554	26498.311
47.465243	-87.914076	317.773	26523.649
47.465214	-87.914331	318.223	26543.151
47.465227	-87.914507	318.023	26556.506
47.465213	-87.914729	318.423	26573.372
47.465197	-87.915024	318.453	26595.708
47.465173	-87.915251	318.813	26613.1
47.465159	-87.915511	320.474	26632.854
47.465163	-87.915665	321.885	26644.514
47.465156	-87.915861	322.443	26659.602
47.465127	-87.916071	323.333	26675.77
47.46514	-87.916165	323.833	26683.038
47.465147	-87.916419	325.544	26702.256
47.465135	-87.916754	327.023	26727.512
47.465137	-87.916944	324.452	26741.59
47.465136	-87.917154	323.862	26757.438
47.465089	-87.917374	323.181	26774.846
47.465081	-87.917575	322.251	26790.073
47.465094	-87.917795	321.841	26806.698
47.465089	-87.918171	319.43	26835.02
47.465129	-87.918594	317.511	26867.151
47.465134	-87.918771	314.49	26880.571
47.465029	-87.918635	314.061	26894.944
47.465003	-87.918555	313.251	26901.596
47.464927	-87.918154	313.102	26933.034
47.464911	-87.918074	313.262	26939.385
47.464855	-87.918107	310.35	26950.401
47.464841	-87.918176	309.69	26955.84
47.464803	-87.918482	310.201	26979.796
47.46485	-87.918728	307.61	27000.436
47.464804	-87.918885	307.42	27013.29
47.464739	-87.919306	305.299	27045.848
47.464688	-87.919654	303.579	27072.688
47.464645	-87.919997	302.82	27098.919
47.464603	-87.920417	301.329	27131.169
47.464559	-87.920894	300.04	27167.44
47.46455	-87.92117	299.671	27188.264
47.464538	-87.921527	299.501	27215.21
47.464547	-87.922041	301.123	27254.106
47.464572	-87.922324	302.452	27275.881
47.464557	-87.922377	302.602	27280.126
47.464527	-87.922644	303.71	27300.608
47.464543	-87.922861	304.43	27317.276
47.464558	-87.923035	305.3	27330.44
47.46456	-87.923394	305.3	27357.635
47.464563	-87.923453	305.32	27362.1
47.464555	-87.923575	304.959	27371.346
47.46454	-87.923882	302.819	27394.505
47.464501	-87.924256	301.628	27423.081
47.464508	-87.924408	301.228	27434.559
47.464519	-87.925022	298.997	27480.893
47.46453	-87.925314	297.517	27502.96
47.464553	-87.925784	294.296	27538.481
47.464565	-87.92597	293.347	27552.514
47.464546	-87.92644	290.317	27587.991
47.464547	-87.926506	290.307	27592.987
47.464562	-87.926828	291.059	27618.637
47.464564	-87.927171	293.759	27645.809
47.464688	-87.927496	294.899	27674.891
47.464683	-87.927859	293.266	27702.274
47.464594	-87.928096	292.537	27722.969
47.464547	-87.928326	287.895	27741.094
47.464509	-87.928656	286.055	27766.641
47.464476	-87.92892	285.215	27786.963
47.464397	-87.929256	284.356	27813.819
47.464373	-87.929614	283.606	27841.139
47.46437	-87.929816	282.506	27856.352
47.464315	-87.929412	283.847	27887.366
47.464245	-87.929185	286.709	27905.995
47.464237	-87.92909	288.74	27913.176
47.464321	-87.92891	290	27929.631
47.464344	-87.928748	291.131	27942.213
47.464357	-87.928706	291.702	27945.692
47.46443	-87.928463	292.049	27965.86
47.464432	-87.928429	292.729	27968.483
47.464359	-87.928219	294.839	27986.598
47.464399	-87.928005	296.401	28003.46
47.464507	-87.927892	298.69	28018.424
47.464526	-87.927811	299.35	28024.721
47.464527	-87.927784	300.893	28025.895
47.46448	-87.927768	300.6	28031.29
47.464394	-87.927648	299.299	28044.116
47.464376	-87.927529	297.038	28052.755
47.464365	-87.927505	296.678	28054.932
47.464285	-87.927248	293.867	28076.233
47.464267	-87.92709	291.937	28088.278
47.464235	-87.927017	290.417	28093.68
47.464207	-87.926887	286.965	28103.995
47.464208	-87.926661	284.115	28121.311
47.464182	-87.926512	283.035	28132.758
47.464128	-87.926131	281.976	28160.151
47.464127	-87.925967	281.647	28172.462
47.4641	-87.925847	282.557	28181.276
47.464065	-87.925788	282.958	28187.034
47.464025	-87.925654	283.178	28198.046
47.463963	-87.925467	283.439	28213.79
47.463883	-87.925056	283.139	28246.003
47.463874	-87.924989	283.159	28251.149
47.463848	-87.924663	286.741	28276.061
47.463855	-87.924304	288.171	28302.071
47.463847	-87.924245	288.321	28306.549
47.463886	-87.92394	290.722	28330.034
47.463898	-87.923892	290.29	28333.862
47.463902	-87.923499	288.81	28364.024
47.463842	-87.92315	287.049	28391.163
47.463828	-87.922984	285.499	28403.815
47.46382	-87.922724	283.768	28423.381
47.463838	-87.922439	279.017	28444.854
47.463835	-87.922201	278.117	28462.676
47.46385	-87.92189	281.381	28486.227
47.463846	-87.921676	280.731	28502.063
47.463743	-87.921481	279.961	28521.68
47.463632	-87.921557	277.75	28535.546
47.463568	-87.92164	276.94	28545.024
47.463516	-87.921695	276.86	28552.114
47.463458	-87.921841	275.6	28564.797
47.463434	-87.921691	282.963	28576.438
47.463317	-87.921559	283.902	28592.956
47.463269	-87.921427	286.592	28604.313
47.463252	-87.921329	287.001	28611.913
47.463257	-87.9211	286.671	28629.583
47.463229	-87.920887	286.901	28645.921
47.463142	-87.920732	287.571	28661.794
47.462944	-87.920632	287.821	28684.969
47.462798	-87.920436	286.971	28707.35
47.462693	-87.92022	288.501	28727.501
47.462688	-87.920073	292.573	28738.409
47.462728	-87.920062	294.232	28743.003
47.46286	-87.920168	291.692	28759.954
47.462983	-87.920172	292.292	28773.534
47.463028	-87.920208	292.312	28779.237
47.463117	-87.920087	289.38	28793.198
47.463143	-87.920037	288.76	28797.977
47.463275	-87.919723	283.93	28825.592
47.463347	-87.919525	281.989	28842.297
47.463361	-87.919202	283.301	28866.987
47.463353	-87.919012	284.021	28881.19
47.463325	-87.918882	284.721	28891.454
47.463252	-87.918811	287.532	28901.186
47.463095	-87.918701	293.074	28920.739
47.463066	-87.918866	293.503	28933.971
47.463061	-87.918968	293.482	28941.522
47.463058	-87.919075	292.552	28949.641
47.462923	-87.919232	292.583	28969.407
47.462812	-87.91938	291.061	28985.915
47.462726	-87.919513	289.891	29000.383
47.462602	-87.919554	291.162	29014.536
47.462455	-87.919629	291.272	29031.926
47.46233	-87.919632	290.572	29046.104
47.462191	-87.919579	292.923	29062.176
47.462164	-87.919575	293.114	29065.126
47.462073	-87.919701	292.291	29079.715
47.462031	-87.919932	289.84	29097.546
47.461981	-87.92006	288.11	29109.042
47.461889	-87.920128	290.973	29120.436
47.461842	-87.920073	296.564	29128.061
47.461786	-87.920034	300.813	29135.282
47.461774	-87.920049	300.972	29137.01
47.461701	-87.920133	301.961	29146.842
47.461639	-87.920258	303.581	29158.581
47.461618	-87.9203	303.751	29162.512
47.461572	-87.920376	305.021	29170.221
47.461505	-87.920463	303.711	29180.376
47.461473	-87.920497	304.211	29184.762
47.461425	-87.920551	306.651	29191.45
47.461381	-87.92062	307.121	29198.508
47.46135	-87.920645	306.55	29202.401
47.461346	-87.920648	306.27	29202.915
47.461281	-87.920783	305.93	29215.413
47.461219	-87.920972	306.16	29231.407
47.461209	-87.921278	306.07	29254.503
47.461203	-87.921625	304.879	29280.663
47.461118	-87.921991	302.699	29309.885
47.461098	-87.922026	302.709	29313.362
47.461024	-87.922011	303.02	29322.698
47.461016	-87.921986	303.37	29324.79
47.460976	-87.921777	308.842	29341.401
47.460981	-87.921571	313.363	29357.073
47.46092	-87.921339	317.132	29375.671
47.46094	-87.92111	318.701	29393.184
47.460941	-87.920936	317.731	29406.092
47.46088	-87.920701	321.122	29425.633
47.460784	-87.92055	323.162	29441.256
47.46067	-87.920591	322.741	29454.901
47.460636	-87.920636	322.882	29459.743
47.46055	-87.920809	324.751	29475.774
47.460505	-87.92104	326.441	29494.087
47.46041	-87.921088	326.391	29505.727
47.460296	-87.920904	324.37	29524.604
47.460283	-87.920856	323.8	29528.436
47.460143	-87.920784	321.82	29545.499
47.460024	-87.920634	320.531	29562.71
47.459923	-87.920501	319.72	29577.809
47.459915	-87.920464	320.051	29580.702
47.459726	-87.920329	312.079	29603.297
47.45963	-87.920164	312.149	29620.192
47.459627	-87.919828	312.64	29645.565
47.459653	-87.919626	313.221	29661.137
47.459642	-87.919457	310.02	29673.19
47.459658	-87.919278	310.27	29686.844
47.459738	-87.91902	309.679	29708.868
47.459882	-87.919004	310.319	29727.327
47.459956	-87.919076	309.589	29737.131
47.460129	-87.918992	306.428	29759.901
47.460154	-87.918876	305.438	29769.055
47.460244	-87.918543	305.499	29796.272
47.460316	-87.918322	305.9	29815.051
47.4604	-87.9183	303.199	29824.389
47.460632	-87.918118	299.17	29853.719
47.46079	-87.917852	299.65	29880.208
47.460784	-87.917718	295.91	29889.2
47.460804	-87.917562	296.03	29901.139
47.460901	-87.917284	295.43	29924.753
47.460913	-87.917081	295.561	29940.251
47.460944	-87.916997	295.771	29947.514
47.460992	-87.916846	296.631	29960.171
47.460914	-87.916694	301.282	29975.895
47.460887	-87.91668	302.262	29979.026
47.460708	-87.916573	309.224	30000.696
47.460543	-87.916561	311.213	30019.094
47.460452	-87.916561	313.013	30029.35
47.46033	-87.916462	318.674	30044.672
47.460256	-87.916282	316.511	30060.37
47.460145	-87.916139	313.381	30076.569
47.460134	-87.916098	312.981	30079.708
47.460157	-87.91603	306.411	30086.317
47.460225	-87.91596	303	30095.895
47.460327	-87.915717	300.86	30117.596
47.460463	-87.915454	300.66	30142.592
47.460598	-87.915241	300.07	30164.598
47.460718	-87.915036	298.82	30185.085
47.460859	-87.914763	297.17	30211.253
47.460896	-87.914682	296.809	30218.577
47.461043	-87.914385	297.12	30246.247
47.461126	-87.914248	297.2	30260.089
47.461282	-87.913899	296.88	30292.282
47.461259	-87.91365	296.931	30311.465
47.461243	-87.913473	297.511	30324.969
47.461249	-87.913416	297.621	30329.327
47.46128	-87.913283	299.892	30339.758
47.461301	-87.912949	302.683	30365.258
47.461312	-87.912659	302.994	30387.096
47.461358	-87.912383	302.363	30408.672
47.461355	-87.912139	304.965	30426.77
47.461334	-87.911948	306.504	30441.62
47.461304	-87.91183	309.616	30451.184
47.461251	-87.911601	315.275	30469.7
47.461223	-87.911353	320.016	30488.663
47.461172	-87.911197	321.645	30501.342
47.461148	-87.911049	321.254	30512.393
47.461151	-87.910836	322.563	30528.452
47.461071	-87.910592	318.454	30548.508
47.461027	-87.910442	318.774	30560.704
47.460973	-87.910247	319.524	30576.731
47.460909	-87.91009	322.315	30590.501
47.460867	-87.909985	322.905	30600.104
47.460757	-87.909902	324.004	30613.909
47.46063	-87.909795	317.485	30628.682
47.460581	-87.909709	319.744	30637.128
47.46051	-87.909573	322.345	30650.073
47.460451	-87.909451	325.135	30661.372
47.460396	-87.909341	327.004	30671.563
47.460367	-87.909182	327.815	30683.776
47.460343	-87.909035	330.395	30695.18
47.460327	-87.908916	330.434	30704.174
47.460258	-87.908807	331.655	30716.311
47.460222	-87.908755	332.185	30721.657
47.460224	-87.908547	331.694	30737.417
47.460225	-87.908435	331.464	30745.807
47.460197	-87.908257	331.864	30759.549
47.460148	-87.908223	332.755	30766.672
47.460142	-87.908241	332.674	30768.157
47.460119	-87.908472	332.844	30785.68
47.460112	-87.908512	332.794	30788.809
47.460015	-87.908693	332.934	30806.44
47.460008	-87.908729	333.275	30809.276
47.459933	-87.908926	336.015	30826.436
47.459914	-87.90899	335.935	30831.643
47.459925	-87.909231	334.945	30849.776
47.459918	-87.909271	335.324	30852.821
47.459866	-87.909362	336.105	30861.745
47.459748	-87.909474	334.124	30877.454
47.459644	-87.909537	334.335	30889.983
47.459591	-87.909472	333.423	30897.84
47.459508	-87.90925	329.593	30916.741
47.459508	-87.909079	329.583	30929.616
47.459535	-87.908959	329.433	30939.171
47.459554	-87.908494	324.663	30973.922
47.459528	-87.908224	321.463	30994.235
47.459556	-87.907847	320.672	31022.866
47.459542	-87.907624	319.792	31039.755
47.459504	-87.907309	318.682	31063.819
47.459448	-87.907073	319.794	31082.659
47.459379	-87.90669	322.544	31112.585
47.459362	-87.906558	323.024	31122.698
47.459204	-87.906152	316.674	31152.2
47.459192	-87.906102	315.103	31155.503
47.4593	-87.906042	309.842	31169.848
47.459405	-87.906017	306.902	31181.631
47.459617	-87.906064	298.29	31207.131
47.45972	-87.906408	298.592	31236.7
47.459707	-87.906472	299.123	31241.753
47.459637	-87.907029	304.255	31284.612
47.459611	-87.907225	305.815	31299.659
47.459625	-87.907619	314.456	31329.45
47.459602	-87.907849	316.435	31347.065
47.459649	-87.907985	308.353	31356.38
47.459744	-87.908003	304.004	31366.848
47.45983	-87.907791	303.363	31385.881
47.459853	-87.9077	303.433	31393.184
47.4599	-87.907399	302.493	31416.448
47.459978	-87.907438	302.294	31426.899
47.460063	-87.907638	302.374	31444.663
47.460127	-87.907888	304.014	31464.782
47.460192	-87.908036	301.493	31477.61
47.460259	-87.908027	299.392	31486.712
47.460295	-87.907854	298.602	31500.565
47.46042	-87.907572	299.333	31525.995
47.460476	-87.907155	298.503	31557.895
47.460502	-87.907023	299.053	31568.233
47.460508	-87.906624	299.394	31598.192
47.460533	-87.906447	299.515	31611.87
47.460623	-87.906102	302.696	31639.719
47.460696	-87.90571	312.417	31669.616
47.46077	-87.905535	314.556	31685.012
47.460861	-87.905302	317.327	31705.372
47.460921	-87.905052	319.427	31725.428
47.460927	-87.904805	321.457	31744.11
47.460947	-87.904648	322.437	31756.135
47.461111	-87.90432	321.255	31786.768
47.461135	-87.90401	320.796	31810.712
47.461114	-87.903851	321.016	31822.864
47.461112	-87.903591	320.806	31842.542
47.461107	-87.903379	320.867	31858.559
47.461121	-87.903028	320.515	31885.049
47.46115	-87.902728	317.704	31908.2
47.461173	-87.902643	316.824	31915.116
47.461207	-87.902501	315.734	31926.514
47.461111	-87.902332	317.106	31943.333
47.461012	-87.902201	318.278	31958.403
47.461006	-87.902164	318.558	31961.208
47.461016	-87.901966	320.067	31976.467
47.461035	-87.901757	320.727	31992.592
47.461047	-87.901515	320.327	32010.854
47.461041	-87.901261	320.828	32029.987
47.460923	-87.900967	321.818	32056.077
47.460847	-87.900762	322.658	32073.727
47.460813	-87.900586	323.389	32087.526
47.460903	-87.9003	323.589	32111.397
47.460916	-87.900176	323.149	32120.852
47.46097	-87.899959	318.385	32139.272
47.460953	-87.899917	318.265	32142.95
47.460945	-87.899756	316.265	32153.987
47.461045	-87.89991	313.355	32170.053
47.461054	-87.899964	312.185	32174.247
47.461175	-87.900166	308.454	32195.805
47.461174	-87.900075	308.555	32203.243
47.461202	-87.899893	308.486	32217.825
47.461303	-87.899738	305.296	32235.358
47.461384	-87.899829	304.846	32246.715
47.461445	-87.899983	303.666	32260.204
47.4615	-87.899907	302.426	32269.665
47.461559	-87.899546	298.565	32297.846
47.461576	-87.899486	298.075	32302.671
47.461688	-87.899126	297.436	32332.69
47.461736	-87.89886	296.386	32353.448
47.461747	-87.898743	295.506	32362.387
47.461653	-87.898423	294.086	32389.022
47.461641	-87.898167	292.266	32408.84
47.461667	-87.897937	290.995	32426.432
47.461689	-87.897589	288.005	32453.1
47.461716	-87.897379	286.755	32469.11
47.461722	-87.897303	286.365	32474.854
47.461845	-87.897048	283.895	32500.895
47.461965	-87.897146	281.974	32516.753
47.461985	-87.897195	281.334	32520.948
47.462013	-87.897316	281.317	32530.641
47.462071	-87.89733	279.756	32539.915
47.462069	-87.897268	279.266	32544.516
47.462102	-87.897109	276.556	32562.661
47.462168	-87.897242	276.067	32575.143
47.462253	-87.897423	274.796	32591.885
47.462275	-87.897697	273.356	32612.706
47.462301	-87.897726	271.996	32620.69
47.462317	-87.897492	271.327	32638.643
47.462316	-87.897406	271.036	32645.135
47.462305	-87.897157	270.537	32663.932
47.462353	-87.896836	266.965	32689.139
47.462376	-87.896752	266.185	32695.956
47.462388	-87.896365	263.135	32725.526
47.462402	-87.896217	262.486	32736.749
47.46233	-87.895689	261.757	32777.663
47.462345	-87.895622	261.908	32782.174
47.462302	-87.895463	262.017	32794.799
47.462307	-87.895255	261.677	32810.667
47.462284	-87.895052	261.178	32826.186
47.46232	-87.894815	260.108	32845.299
47.462345	-87.894698	259.528	32854.538
47.462332	-87.894578	259.499	32863.702
47.462362	-87.894359	259.178	32880.635
47.462325	-87.894187	259.219	32894.366
47.462291	-87.893967	259.739	32911.624
47.462299	-87.893782	259.839	32925.596
47.46223	-87.893476	259.468	32950.963
47.462206	-87.893332	259.609	32962.659
47.462267	-87.893208	259.288	32974.358
47.462236	-87.892921	258.969	32996.233
47.462149	-87.892739	258.669	33013.069
47.462115	-87.892683	258.959	33018.768
47.462042	-87.892492	259.329	33035.827
47.462112	-87.892475	258.649	33045.217
47.462158	-87.892507	258.278	33050.878
47.462257	-87.892577	257.728	33063.081
47.462347	-87.892466	256.518	33078.358
47.462357	-87.892337	255.678	33088.104
47.462349	-87.89219	254.427	33099.206
47.462286	-87.891903	252.078	33122.167
47.46233	-87.891871	250.658	33128.69
47.462434	-87.892002	248.558	33143.901
47.462489	-87.891948	247.909	33151.128
47.462546	-87.891732	246.128	33168.835
47.462521	-87.891608	245.999	33178.538
47.462482	-87.891463	246.16	33190.667
47.462381	-87.891469	246.22	33202.264
47.462316	-87.89139	246.6	33211.858
47.462249	-87.891075	249.702	33236.784
47.462122	-87.891113	251.831	33252.217
47.462061	-87.891214	252.901	33262.53
47.462028	-87.891338	254.311	33272.616
47.461923	-87.891365	254.941	33285.288
47.461882	-87.891265	253.64	33293.741
47.461796	-87.891012	253.591	33315.077
47.461729	-87.890831	256.132	33330.667
47.461684	-87.890772	257.482	33337.268
47.46162	-87.890807	259.093	33346.288
47.461614	-87.890956	259.622	33357.788
47.461572	-87.891058	261.652	33367.12
47.461574	-87.891145	262.732	33373.674
47.461513	-87.891233	264.512	33384.229
47.461472	-87.891211	264.611	33388.995
47.461355	-87.891089	262.67	33404.87
47.461276	-87.890863	262.12	33423.987
47.461138	-87.890808	261.17	33440.268
47.46104	-87.890786	261.35	33451.249
47.460955	-87.890678	262.511	33463.811
47.460935	-87.890625	262.071	33468.299
47.460834	-87.890427	261.621	33487.135
47.460763	-87.890381	260.7	33495.799
47.460585	-87.890205	260.361	33519.647
47.460463	-87.890122	261.342	33534.995
47.460432	-87.890181	262.051	33540.53
47.460418	-87.890277	263.352	33547.94
47.460383	-87.890447	264.002	33562.077
47.46042	-87.89052	264.621	33568.921
47.460541	-87.890617	264.801	33585.155
47.460554	-87.890712	265.261	33592.479
47.460562	-87.890807	266.192	33599.69
47.460678	-87.890906	265.969	33614.999
47.460794	-87.89098	265.58	33629.307
47.460822	-87.89114	266.491	33641.839
47.460873	-87.891374	267.671	33660.534
47.460917	-87.891482	268.421	33670.034
47.460924	-87.891646	269.751	33682.37
47.46095	-87.891868	270.65	33699.346
47.46094	-87.891958	271.271	33706.303
47.460857	-87.892101	272.03	33720.698
47.460888	-87.892253	272.7	33732.858
47.460913	-87.89243	273.15	33746.671
47.460898	-87.892536	273.691	33754.85
47.460881	-87.892752	273.19	33771.659
47.46084	-87.892808	273.68	33777.893
47.460766	-87.893004	275.051	33794.796
47.460797	-87.893139	275.921	33806.046
47.46077	-87.893262	276.201	33816.069
47.460765	-87.893365	276.15	33824.057
47.460762	-87.893485	276.471	33833.628
47.460726	-87.893534	276.531	33839.1
47.460679	-87.893602	277.09	33846.421
47.460668	-87.893743	277.309	33857.35
47.460674	-87.893995	276.498	33876.924
47.460575	-87.89415	277.75	33893.135
47.460528	-87.894263	280.291	33903.596
47.460563	-87.894413	281.34	33915.796
47.460574	-87.89443	281.791	33917.542
47.460709	-87.894527	282.229	33934.311
47.460834	-87.894621	282.559	33949.901
47.460923	-87.894654	282.389	33960.069
47.461001	-87.894843	282.57	33979.46
47.46099	-87.894977	283.41	33989.917
47.460951	-87.895106	283.48	34003.561
47.460925	-87.895096	283.319	34006.546
47.460831	-87.895061	283.06	34017.323
47.460719	-87.895172	284.35	34032.827
47.460734	-87.895292	285.93	34042.124
47.460802	-87.895528	288.13	34061.424
47.460823	-87.895775	289.79	34080.245
47.460836	-87.895855	289.849	34086.405
47.460919	-87.895917	290.76	34096.94
47.460944	-87.896012	292.191	34104.893
47.460933	-87.896117	293.18	34112.928
47.460977	-87.896229	293.81	34122.987
47.461049	-87.89644	293.229	34140.881
47.461074	-87.896541	292.979	34148.999
47.461094	-87.896816	292.479	34169.799
47.461096	-87.89685	292.449	34172.389
47.461024	-87.896954	293.719	34184.089
47.460955	-87.896989	294.8	34192.159
47.46094	-87.897078	297.18	34199.901
47.460983	-87.897294	298.849	34216.885
47.461038	-87.897478	299.439	34232.061
47.461045	-87.897499	299.719	34233.788
47.461025	-87.897605	299.819	34242.319
47.460988	-87.89768	299.93	34249.299
47.461023	-87.897829	300.829	34261.721
47.461057	-87.897973	300.528	34273.448
47.461045	-87.898107	300.909	34283.756
47.461082	-87.898304	300.868	34299.311
47.461061	-87.898496	302.079	34314.01
47.460977	-87.898668	302.839	34330.151
47.460966	-87.898851	304.409	34343.963
47.460959	-87.899034	307.29	34357.839
47.460917	-87.899228	312.61	34373.225
47.46088	-87.899355	315.31	34383.573
47.460783	-87.899386	315.609	34395.159
47.460679	-87.899317	312.668	34407.139
47.460653	-87.899161	311.647	34419.694
47.460646	-87.898969	311.217	34434.217
47.460711	-87.898601	310.146	34462.909
47.46074	-87.898351	309.327	34482.256
47.460699	-87.898229	310.038	34492.768
47.460682	-87.898202	310.168	34495.53
47.460648	-87.89814	310.368	34501.546
47.46056	-87.898155	310.959	34513.366
47.460577	-87.898268	312.349	34522.112
47.460581	-87.898404	314.84	34532.362
47.460537	-87.89859	315.449	34547.405
47.460528	-87.898706	316.219	34556.299
47.460448	-87.898785	316.058	34571.155
47.460308	-87.898694	315.468	34588.077
47.460192	-87.898727	316.458	34601.995
47.460174	-87.898892	317.889	34615.28
47.460185	-87.899014	319.53	34624.553
47.460139	-87.899135	320.429	34635.296
47.460153	-87.899275	321.959	34646.268
47.460112	-87.899378	323.269	34655.452
47.460076	-87.899414	324.099	34660.272
47.460012	-87.899492	322.529	34669.479
47.459877	-87.899566	322.357	34685.686
47.459828	-87.899632	323.037	34692.975
47.459708	-87.899673	324.098	34706.749
47.459592	-87.899831	323.907	34724.253
47.459546	-87.899988	324.248	34737.135
47.459441	-87.900137	324.998	34753.471
47.459362	-87.900199	325.919	34763.389
47.459343	-87.900341	327.148	34774.44
47.459284	-87.900429	327.998	34783.878
47.459175	-87.900497	329.418	34797.143
47.4591	-87.900632	331.568	34810.944
47.459094	-87.900864	331.968	34828.725
47.459153	-87.901077	332.436	34846.104
47.459151	-87.901232	332.477	34858.049
47.459056	-87.90139	333.247	34874.249
47.458905	-87.901451	334.457	34891.788
47.458801	-87.901397	335.547	34904.479
47.458733	-87.901248	335.977	34918.116
47.4586	-87.901086	337.327	34937.706
47.458412	-87.901116	338.227	34959.018
47.458271	-87.901207	338.477	34976.139
47.458188	-87.901246	339.467	34985.811
47.458192	-87.901379	340.646	34997.503
47.458208	-87.901404	340.686	35000.065
47.458343	-87.90156	341.196	35019.229
47.458377	-87.90159	340.925	35023.635
47.458576	-87.901629	340.965	35046.116
47.458708	-87.901727	341.576	35062.78
47.458733	-87.901771	341.867	35067.116
47.458838	-87.902066	342.637	35092.335
47.458853	-87.902115	342.326	35096.374
47.458947	-87.902357	341.136	35117.495
47.458946	-87.902707	340.185	35143.819
47.458949	-87.902787	339.525	35149.827
47.459003	-87.903094	337.885	35173.655
47.459064	-87.903349	337.175	35194.167
47.459157	-87.903664	336.716	35220.182
47.459125	-87.903888	336.666	35237.663
47.459016	-87.904134	336.946	35259.897
47.458866	-87.904447	336.866	35289.178
47.458802	-87.904777	336.575	35315.096
47.458792	-87.904832	336.685	35319.397
47.458743	-87.905141	337.086	35343.428
47.458633	-87.905474	338.076	35371.421
47.458517	-87.905614	338.156	35388.682
47.458387	-87.905775	339.346	35407.854
47.458362	-87.905818	339.325	35412.073
47.458314	-87.906014	340.236	35428.182
47.458225	-87.906284	339.515	35450.924
47.458223	-87.90634	339.865	35455.116
47.45823	-87.906543	340.155	35470.463
47.458126	-87.906774	339.445	35492.171
47.458012	-87.906936	339.795	35509.799
47.457826	-87.907116	341.514	35534.741
47.457749	-87.907246	342.134	35548.042
47.457814	-87.907502	343.053	35568.878
47.457851	-87.907762	343.984	35589.811
47.45782	-87.90786	344.504	35597.924
47.457691	-87.90785	345.304	35613.495
47.457581	-87.907747	344.483	35627.971
47.457442	-87.90765	344.043	35645.069
47.457268	-87.907595	344.344	35664.921
47.456959	-87.907657	344.904	35699.674
47.456718	-87.907764	346.084	35727.6
47.45662	-87.907786	347.165	35738.682
47.456543	-87.907631	347.904	35753.792
47.456506	-87.907432	348.333	35769.339
47.456387	-87.907246	348.954	35791.194
47.456226	-87.90722	349.854	35809.21
47.456097	-87.907094	350.254	35826.596
47.455979	-87.907022	351.084	35841.108
47.455841	-87.90712	350.643	35858.405
47.455747	-87.907218	351.123	35871.022
47.455737	-87.907387	351.584	35883.893
47.455739	-87.907446	351.693	35888.233
47.45573	-87.907824	349.683	35916.799
47.45575	-87.907932	349.953	35925.225
47.455766	-87.908095	348.913	35937.772
47.455673	-87.908168	349.293	35950.276
47.455627	-87.908124	350.273	35956.292
47.455468	-87.907902	350.393	35980.604
47.455345	-87.90769	351.634	36001.823
47.455192	-87.907428	352.153	36028.089
47.4552	-87.907216	353.494	36043.932
47.455245	-87.906824	355.344	36073.678
47.455232	-87.906719	356.054	36081.655
47.455184	-87.906395	357.864	36107.077
47.455173	-87.906198	357.374	36121.971
47.455183	-87.905983	358.264	36138.276
47.45522	-87.905771	358.904	36154.764
47.45525	-87.905505	359.363	36175.147
47.455259	-87.905306	360.124	36190.659
47.455292	-87.905157	360.223	36202.475
47.45532	-87.904975	359.943	36216.503
47.455385	-87.904754	360.033	36234.713
47.455413	-87.904623	359.794	36245.049
47.455461	-87.904304	360.165	36269.616
47.455498	-87.90416	360.064	36281.303
47.4555	-87.903966	360.394	36296.135
47.455477	-87.903849	359.534	36305.413
47.455502	-87.903755	360.024	36313.1
47.455509	-87.903591	360.154	36325.659
47.455547	-87.90344	359.764	36337.846
47.455648	-87.903243	359.574	36356.561
47.455667	-87.903082	359.124	36368.839
47.455673	-87.902626	356.523	36403.401
47.455701	-87.902392	355.354	36421.506
47.455728	-87.902271	355.104	36431.089
47.455738	-87.902128	354.633	36441.956
47.455705	-87.901883	353.693	36460.96
47.455659	-87.901551	351.603	36486.745
47.4556	-87.901261	348.922	36509.963
47.455614	-87.90119	348.123	36515.589
47.455645	-87.901047	345.802	36526.874
47.455769	-87.900715	342.003	36555.487
47.455791	-87.900632	341.433	36562.217
47.455885	-87.900357	340.214	36585.475
47.455962	-87.900153	339.514	36603.917
47.45609	-87.900083	339.005	36619.424
47.456137	-87.899943	338.765	36631.167
47.456111	-87.899589	336.704	36658.124
47.456076	-87.8993	334.603	36680.256
47.456053	-87.899101	333.533	36695.475
47.456075	-87.898697	330.683	36726.749
47.456112	-87.898514	328.993	36741.163
47.456151	-87.898216	326.723	36764.163
47.456198	-87.898056	325.353	36777.518
47.456197	-87.897826	322.983	36794.952
47.456224	-87.897635	322.034	36809.803
47.456263	-87.897511	320.733	36820.089
47.45624	-87.897245	316.523	36840.405
47.4563	-87.897059	313.523	36855.979
47.456324	-87.896933	311.933	36865.889
47.456361	-87.896723	309.353	36882.288
47.456244	-87.896571	306.643	36900.651
47.456239	-87.896455	304.984	36910.081
47.456245	-87.89631	303.464	36920.831
47.456264	-87.896279	303.195	36923.854
47.456333	-87.896223	301.874	36932.639
47.456345	-87.896099	300.504	36943.37
47.456301	-87.89594	299.225	36958.764
47.45643	-87.895795	297.895	36976.749
47.456395	-87.895736	296.745	36985.842
47.456361	-87.89575	296.355	36989.721
47.456272	-87.89574	293.584	37000.589
47.456445	-87.895647	293.306	37021.62
47.456546	-87.895687	292.416	37033.342
47.456543	-87.895608	291.315	37044.026
47.456431	-87.89552	289.875	37058.026
47.456344	-87.895446	288.346	37069.003
47.456422	-87.895455	289.827	37077.823
47.456452	-87.895375	289.957	37085.018
47.456352	-87.895334	290.247	37097.264
47.456145	-87.895292	287.506	37120.694
47.456117	-87.895272	286.966	37124.147
47.456057	-87.895078	285.866	37139.835
47.456141	-87.894589	283.386	37175.952
47.456193	-87.894254	279.925	37202.421
47.456238	-87.893983	277.045	37223.475
47.456338	-87.893661	273.125	37250.303
47.456404	-87.893296	269.644	37278.663
47.456458	-87.893111	267.285	37294.085
47.456488	-87.893035	267.195	37300.655
47.45653	-87.89289	268.357	37312.577
47.456536	-87.892845	268.437	37316.085
47.456532	-87.892637	269.979	37332.155
47.456525	-87.892606	270.869	37334.514
47.456519	-87.89259	273.149	37336.631
47.456508	-87.892554	274.929	37339.565
47.456475	-87.892478	277.229	37346.413
47.456447	-87.892403	278.929	37352.835
47.456415	-87.892338	280.068	37358.741
47.456391	-87.892226	280.418	37367.647
47.456397	-87.892093	279.187	37377.756
47.456361	-87.891872	277.588	37395.034
47.456369	-87.89165	274.997	37412.018
47.45638	-87.891602	274.117	37415.835
47.456404	-87.89148	272.286	37425.385
47.456384	-87.891226	268.615	37444.932
47.456408	-87.891028	265.465	37459.971
47.456439	-87.890823	263.005	37475.889
47.456541	-87.890568	259.306	37498.19
47.456526	-87.890297	256.987	37518.878
47.456504	-87.890182	256.387	37527.909
47.456534	-87.889963	254.957	37544.803
47.456545	-87.889777	252.897	37558.799
47.456596	-87.889489	250.437	37581.264
47.456683	-87.88937	249.177	37594.417
47.456743	-87.889222	249.578	37607.553
47.456734	-87.889051	250.569	37620.479
47.456726	-87.888998	250.619	37624.624
47.456675	-87.888704	249.387	37647.475
47.456634	-87.888554	247.727	37659.678
47.456612	-87.888308	245.478	37678.491
47.456659	-87.888174	245.499	37690.073
47.456722	-87.88803	244.759	37703.01
47.456732	-87.887958	245.14	37708.749
47.456663	-87.887841	246.941	37720.518
47.456623	-87.887711	246.69	37731.374
47.456588	-87.88742	246.56	37753.776
47.456605	-87.88721	246.28	37769.796
47.456606	-87.887109	245.649	37777.37
47.456612	-87.886764	243.619	37803.393
47.456633	-87.886617	242.448	37814.772
47.456719	-87.886442	240.568	37831.452
47.456719	-87.886393	240.508	37835.163
47.456705	-87.886255	239.388	37845.694
47.456752	-87.886163	239.739	37855.604
47.456807	-87.88602	240.579	37868.108
47.456813	-87.885982	241.231	37871.042
47.456836	-87.885879	242.662	37879.264
47.456812	-87.885767	243.352	37888.213
47.456826	-87.885608	244.231	37900.565
47.456847	-87.885346	242.94	37920.397
47.456817	-87.88515	241.289	37935.503
47.456905	-87.884828	240.931	37961.799
47.456946	-87.88466	241.671	37975.245
47.456925	-87.884428	242.101	37993.112
47.456994	-87.884224	243.872	38010.213
47.456975	-87.88401	246.343	38026.577
47.456965	-87.883869	246.982	38037.221
47.456945	-87.883567	245.391	38060.1
47.456904	-87.883346	244.641	38077.339
47.456943	-87.88328	245.152	38083.819
47.456985	-87.883145	245.902	38095.245
47.456992	-87.88275	242.921	38125.065
47.456984	-87.882626	242.231	38134.417
47.457042	-87.882391	239.99	38153.956
47.457135	-87.882159	237.74	38174.284
47.457174	-87.882046	236.279	38183.796
47.457358	-87.881785	234.501	38212.897
47.457498	-87.881685	234.532	38230.335
47.457567	-87.881574	235.422	38241.776
47.457669	-87.881501	236.262	38255.151
47.457839	-87.881445	237.554	38274.78
47.457959	-87.881398	238.734	38288.503
47.458012	-87.881372	238.063	38294.671
47.458189	-87.881347	238.273	38315.182
47.458297	-87.881182	237.622	38332.417
47.458328	-87.880975	238.052	38348.749
47.458294	-87.880818	237.293	38361.401
47.458364	-87.880699	237.034	38373.272
47.458525	-87.880392	235.252	38402.671
47.458654	-87.880207	234.542	38422.706
47.458618	-87.879983	232.912	38440.147
47.458635	-87.879783	231.431	38455.542
47.458579	-87.879722	230.371	38463.276
47.458533	-87.879609	228.34	38473.339
47.458577	-87.879386	228.602	38490.592
47.458607	-87.879206	228.623	38504.491
47.458736	-87.87899	229.233	38526.174
47.458764	-87.878965	228.933	38529.846
47.458823	-87.878913	229.613	38537.436
47.458933	-87.879005	231.224	38551.936
47.459016	-87.879087	231.284	38563.116
47.459155	-87.87926	234.915	38583.542
47.459245	-87.879393	236.515	38598.124
47.459306	-87.879531	237.865	38610.499
47.459385	-87.879727	234.554	38627.768
47.459473	-87.879712	233.774	38637.745
47.459483	-87.879583	232.243	38647.526
47.459525	-87.879424	231.312	38660.592
47.459606	-87.879342	230.333	38671.518
47.45967	-87.879256	229.192	38681.163
47.459774	-87.879038	227.232	38701.725
47.459777	-87.878933	227.033	38709.733
47.459839	-87.878715	227.444	38727.737
47.459966	-87.878513	227.384	38748.596
47.459976	-87.87847	227.364	38752.018
47.459907	-87.878337	226.833	38766.827
47.459931	-87.878272	226.343	38773.225
47.46005	-87.878301	226.444	38786.936
47.460081	-87.878366	226.394	38792.956
47.46012	-87.878534	227.504	38806.424
47.460203	-87.878593	229.205	38817.764
47.460303	-87.87859	229.375	38828.928
47.460353	-87.878631	230.445	38835.249
47.460456	-87.87876	231.025	38850.487
47.460508	-87.878863	230.444	38860.163
47.460533	-87.878984	229.173	38869.565
47.460655	-87.879069	228.183	38885.323
47.460745	-87.879115	228.294	38896.069
47.46076	-87.879153	228.745	38899.378
47.460787	-87.879224	229.305	38905.518
47.460951	-87.879265	230.715	38925.155
47.461034	-87.879268	231.325	38934.428
47.461099	-87.879289	232.236	38941.842
47.46112	-87.879419	232.345	38952.393
47.461128	-87.879586	231.614	38965.389
47.461146	-87.879813	232.176	38982.717
47.461121	-87.879965	233.405	38994.503
47.461137	-87.880196	233.984	39012.186
47.4612	-87.88047	234.014	39034.221
47.461201	-87.880739	233.673	39054.503
47.46114	-87.881078	233.404	39081.229
47.461059	-87.881302	232.853	39100.358
47.46105	-87.881349	232.803	39103.967
47.46118	-87.881506	232.143	39123.112
47.461213	-87.881542	232.113	39127.725
47.461292	-87.881619	231.973	39138.178
47.461483	-87.881802	231.543	39163.471
47.461573	-87.881909	230.953	39176.354
47.461725	-87.882055	229.842	39196.499
47.461999	-87.882274	227.662	39231.108
47.462168	-87.882431	224.961	39253.272
47.46232	-87.882634	221.87	39276.112
47.462421	-87.882883	217.838	39298.37
47.462489	-87.883102	214.988	39316.557
47.462545	-87.883217	213.208	39327.213
47.462657	-87.883495	208.408	39351.94
47.462741	-87.883772	205.06	39375.026
47.462833	-87.884258	201.27	39413.108
47.462965	-87.884744	199.29	39452.565
47.462996	-87.884851	198.84	39461.327
47.463247	-87.885407	195.34	39511.862
47.46331	-87.885508	194.9	39522.182
47.463441	-87.885691	194.07	39542.311
47.46372	-87.885962	193.292	39579.444
47.464396	-87.886391	192.842	39661.249
47.464833	-87.886677	193.133	39714.44
47.465262	-87.886953	193.782	39766.444
47.465451	-87.887095	194.623	39790.104
47.465873	-87.887368	196.773	39841.288
47.465961	-87.887435	197.384	39852.26
47.466041	-87.887659	197.572	39872.635
47.465989	-87.887772	197.411	39882.956
47.465885	-87.887928	197.572	39899.452
47.4658	-87.888193	197.622	39921.784
47.465667	-87.888678	197.522	39961.952
47.465631	-87.888734	197.451	39967.702
47.46556	-87.888847	197.412	39979.319
47.465453	-87.889261	197.432	40013.206
47.465453	-87.889411	197.492	40024.487
47.465479	-87.889706	197.512	40046.921
47.465441	-87.889987	197.913	40069.116
47.46529	-87.890145	198.592	40089.803
47.464861	-87.89042	198.3	40141.823
47.464559	-87.890524	198.271	40176.409
47.464424	-87.890625	198.301	40193.26
47.464191	-87.891007	198.501	40232.155
47.464061	-87.891226	198.901	40254.139
47.464	-87.89146	199.612	40273.577
47.464069	-87.891705	199.931	40293.608
47.464287	-87.892145	200.351	40334.686
47.464387	-87.892507	200.17	40364.264
47.464473	-87.892678	200.601	40381.417
47.464616	-87.892751	200.511	40398.753
47.464633	-87.892803	200.711	40403.053
47.464706	-87.892982	201.12	40419.19
47.464868	-87.892966	200.789	40438.018
47.464908	-87.892921	200.719	40443.569
47.465141	-87.892756	200.449	40472.686
47.465371	-87.892549	199.989	40502.928
47.465513	-87.892408	199.869	40521.948
47.465669	-87.892151	199.529	40548.057
47.465773	-87.891861	199.189	40572.823
47.465945	-87.891671	199.54	40597.163
47.466047	-87.891636	200.051	40608.827
47.466147	-87.891615	200.601	40620.073
47.466441	-87.891442	203.583	40655.268
47.466791	-87.891228	206.583	40697.331
47.466891	-87.891177	206.722	40709.042
47.467271	-87.890955	203.589	40754.573
47.467536	-87.890813	202.1	40785.932
47.467731	-87.890663	200.84	40810.44
47.467903	-87.890325	199.34	40843.069
47.467891	-87.890072	198.67	40862.303
47.467872	-87.889998	198.791	40868.245
47.46769	-87.889483	198.861	40912.034
47.467589	-87.889364	199.782	40926.589
%47.467493	-87.889288	199.891	40938.71
%47.467456	-87.889203	199.48	40946.424
%47.467449	-87.889192	199.921	40947.557
%47.467446	-87.889224	200.112	40951.553
%47.467463	-87.889216	200.822	40953.983
%47.467458	-87.889209	200.741	40956.178
%47.467491	-87.88921	201.542	40960.128
%47.467502	-87.889242	202.512	40963.448
%47.467547	-87.889242	202.912	40968.651
%47.467574	-87.889241	202.142	40971.585
%47.467569	-87.889182	201.391	40976.268
%47.467565	-87.889157	200.161	40978.655
%47.467601	-87.889177	197.871	40984.096
%47.467578	-87.889114	197.782	40990.616
%47.467556	-87.889097	198.483	40993.354
%47.467537	-87.889075	199.062	40995.913
%47.467509	-87.889056	198.531	40999.085
%47.467449	-87.88906	194.261	41016.491
%47.467445	-87.889064	194.601	41016.756
%47.467464	-87.88906	198.062	41022.678
%47.467481	-87.889036	198.772	41025.292
%47.4675	-87.888956	199.132	41032.061
%47.467488	-87.888889	199.362	41037.229
%47.467541	-87.888845	198.681	41045.198
%47.467628	-87.888867	198.932	41055.475
%47.467651	-87.888763	198.402	41063.682
%47.467639	-87.888589	197.872	41077.112
%47.467564	-87.888359	198.172	41096.413
%47.467552	-87.888307	198.612	41100.538
%47.467623	-87.888184	198.522	41113.147
%47.467842	-87.888031	197.591	41140.198
%47.467832	-87.887746	197.412	41162.346
%47.467713	-87.887083	198.263	41214.116
%47.467607	-87.886521	198.733	41258.104
%47.467517	-87.886024	200.753	41296.842
%47.467363	-87.885506	203.613	41339.549
%47.467224	-87.885098	204.463	41373.983
%47.467091	-87.884473	204.153	41423.393
%47.466992	-87.883763	204.393	41478.081
%47.466919	-87.882923	203.192	41541.967
%47.466888	-87.882333	201.162	41586.538
%47.466832	-87.8813	198.222	41664.729
%47.466778	-87.880269	195.902	41742.741
%47.466783	-87.879632	195.024	41790.698
%47.466789	-87.878952	195.235	41841.963
%47.466745	-87.87826	194.634	41894.436
%47.466665	-87.87751	194.075	41951.631
%47.466644	-87.877343	194.015	41964.46
%47.466501	-87.877102	193.394	41989.784
%47.466434	-87.87708	193.224	41997.44
%47.46629	-87.877041	192.904	42013.686
%47.46602	-87.876925	192.814	42044.936
%47.465916	-87.876727	192.764	42064.667
%47.465913	-87.876644	192.714	42070.948
%47.465907	-87.8763	192.504	42096.87
%47.465937	-87.875882	191.994	42128.608
%47.465873	-87.875636	191.894	42149.073
%47.46581	-87.875346	191.714	42172.448
%47.465824	-87.875255	191.664	42179.499
%47.465974	-87.874425	191.496	42244.319
%47.465939	-87.873915	191.516	42283.108
%47.465894	-87.87373	191.506	42297.948
%47.465843	-87.873553	191.186	42312.448
%47.465828	-87.873199	191.516	42339.608
%47.465866	-87.873048	191.736	42351.753
%47.465905	-87.872918	191.896	42362.499
%47.466046	-87.872799	192.556	42381.362
%47.466131	-87.87267	193.137	42395.131
%47.466143	-87.872611	193.437	42399.756
%47.46617	-87.8725	193.827	42408.561
%47.466278	-87.872474	195.467	42421.288
%47.466304	-87.872492	196.597	42424.776
%47.466302	-87.872499	196.957	42425.842
%47.466302	-87.872515	197.747	42428.428
%47.466251	-87.872462	200.619	42435.456
