%"Collected By Brett Hamlin Nov 09, 2009, Hancock, MI"			
%Latitude	Longitude	Elivation (m)	Distrnce (m)
47.138441	-88.621079	231.209	19.727
47.138723	-88.621249	207.094	30.101
47.138861	-88.621335	198.616	46.529
47.138903	-88.621354	196.436	51.352
47.138883	-88.621245	196.977	59.195
47.1389	-88.621097	202.838	70.672
47.139049	-88.620984	201.127	89.253
47.139185	-88.62101	203.998	104.409
47.139252	-88.62107	210.13	117.718
47.139343	-88.621158	213.98	129.716
47.139451	-88.621265	213.861	143.598
47.139593	-88.621369	213.67	161.091
47.139789	-88.621518	214.84	185.531
47.139978	-88.621688	216.039	210.232
47.14018	-88.621773	215.518	233.622
47.140334	-88.621786	217.709	250.676
47.140483	-88.621767	220.279	267.279
47.140604	-88.621729	221.208	281.118
47.140665	-88.621758	223.469	288.285
47.140814	-88.621813	227.179	305.326
47.140987	-88.621864	227.969	324.914
47.141117	-88.621921	229.619	339.929
47.141225	-88.621961	229.878	352.242
47.141328	-88.622019	231.519	364.546
47.141455	-88.622124	233.389	380.678
47.141561	-88.622252	235.279	396.012
47.141625	-88.622366	239.311	407.307
47.141744	-88.622351	237.698	421.092
47.141754	-88.622304	238.359	424.72
47.141702	-88.622177	242.52	436.375
47.141635	-88.621984	244.529	452.711
47.141591	-88.621849	245.86	464.051
47.141538	-88.621709	244.858	476.223
47.141436	-88.621476	243.678	497.192
47.14134	-88.621172	246.128	522.53
47.141325	-88.620955	254.131	539.153
47.141302	-88.620713	253.729	557.628
47.141275	-88.620482	255.209	575.415
47.141198	-88.620231	260.42	596.726
47.141087	-88.620122	257.289	611.477
47.141059	-88.620107	255.159	614.999
47.140982	-88.61997	255.82	628.435
47.140839	-88.619864	257.32	646.287
47.140703	-88.619631	258.39	669.598
47.140614	-88.619462	261.721	685.831
47.14051	-88.619323	261.13	701.434
47.140366	-88.619202	262.53	719.757
47.140254	-88.619094	264.291	734.59
47.14012	-88.61894	262.61	753.466
47.140066	-88.618805	263.19	765.138
47.140137	-88.618671	259.568	778.066
47.140229	-88.61855	258.718	791.849
47.140325	-88.618416	255.727	806.738
47.140411	-88.618163	251.265	828.196
47.140644	-88.61775	246.555	868.836
47.140699	-88.617686	245.955	876.682
47.140753	-88.617538	245.406	889.054
47.140768	-88.617519	245.287	891.188
47.140833	-88.617511	245.287	898.47
47.140937	-88.617428	244.127	911.649
47.140999	-88.617251	244.708	927.114
47.141046	-88.617138	245.278	937.164
47.141144	-88.616965	246.378	954.221
47.141301	-88.616942	245.309	971.716
47.141516	-88.616947	246.17	995.766
47.141542	-88.616961	246.39	998.794
47.141646	-88.616864	248.011	1013.928
47.141631	-88.616729	248.82	1024.502
47.14158	-88.616602	251.291	1035.576
47.141561	-88.616479	254.832	1045.095
47.14164	-88.616315	255.341	1060.327
47.14165	-88.616192	257.251	1069.681
47.141729	-88.616027	256.25	1085.011
47.141822	-88.615836	255.449	1102.856
47.141841	-88.615792	255.559	1106.756
47.141951	-88.615505	256.849	1131.697
47.141988	-88.615293	258.619	1148.283
47.142052	-88.61513	257.188	1162.642
47.142101	-88.614988	258.33	1174.752
47.142106	-88.614953	258.8	1177.464
47.142164	-88.614745	260.801	1194.497
47.142183	-88.614545	261.42	1209.864
47.14217	-88.614294	261.29	1228.981
47.142195	-88.614113	261.11	1242.953
47.142259	-88.613956	259.149	1256.584
47.142281	-88.613886	260.881	1262.389
47.142283	-88.613763	264.632	1271.731
47.142282	-88.613738	265.391	1273.624
47.142289	-88.613471	267.161	1293.957
47.142295	-88.613442	267.1	1296.329
47.142315	-88.613223	267.44	1312.994
47.142391	-88.613042	265.74	1329.097
47.142461	-88.612888	266.75	1343.134
47.142485	-88.612813	266.67	1349.399
47.142591	-88.612708	265.76	1363.423
47.142639	-88.612648	267.381	1370.4
47.14275	-88.612517	268	1386.121
47.142857	-88.612488	268.39	1398.136
47.142958	-88.612363	271.031	1412.93
47.142975	-88.612349	271.351	1415.066
47.143096	-88.612346	271.561	1428.48
47.143205	-88.612402	272.932	1441.142
47.14335	-88.612448	273.262	1457.692
47.143436	-88.612434	272.331	1467.257
47.143486	-88.61259	275.533	1480.232
47.143535	-88.612852	280.903	1500.968
47.143502	-88.613066	284.103	1517.765
47.143575	-88.613268	283.653	1535.148
47.143641	-88.613412	282.582	1548.428
47.143734	-88.613594	280.801	1565.648
47.143783	-88.613756	278.37	1579.065
47.143799	-88.613897	277.79	1589.852
47.143818	-88.614243	276.35	1616.05
47.143824	-88.61468	274.208	1649.17
47.143843	-88.614935	271.767	1668.6
47.143831	-88.615081	271.688	1678.968
47.143695	-88.61543	275.101	1705.701
47.143622	-88.615686	275.412	1724.132
47.143657	-88.615858	272.722	1736.852
47.143811	-88.615918	268.011	1754.546
47.143925	-88.615972	265.55	1767.843
47.144186	-88.61597	262.039	1796.927
47.144352	-88.616022	260.68	1815.846
47.14447	-88.616071	259.129	1829.548
47.144633	-88.616018	258.22	1848.598
47.144702	-88.615943	257.379	1858.194
47.144857	-88.615917	256.59	1876.342
47.144979	-88.616031	257.16	1892.836
47.145006	-88.616274	258.601	1912.249
47.144983	-88.616469	260.201	1927.128
47.145062	-88.616784	259.5	1953.08
47.145195	-88.617139	261.641	1983.745
47.145292	-88.617446	260.941	2009.423
47.145403	-88.617844	259.03	2042.931
47.145372	-88.618053	258.38	2059.109
47.14539	-88.618351	256.62	2081.792
47.145422	-88.618554	255.89	2097.517
47.145493	-88.618962	255.219	2129.339
47.14553	-88.619093	254.54	2140.067
47.145578	-88.619444	253.11	2167.338
47.14563	-88.619817	250.789	2196.211
47.145698	-88.61998	249.268	2210.639
47.145771	-88.620195	248.609	2228.736
47.145801	-88.620291	248.599	2236.751
47.145906	-88.620595	247.478	2263.28
47.145876	-88.620872	245.768	2284.521
47.145868	-88.621041	248.35	2297.416
47.145881	-88.621322	250.761	2318.758
47.145908	-88.621562	254.842	2336.304
47.146042	-88.621785	254.623	2358.718
47.146166	-88.621995	253.48	2380.208
47.146268	-88.622222	256.332	2400.844
47.146406	-88.622445	258.072	2423.716
47.146539	-88.622649	258.651	2445.06
47.14657	-88.622782	259.35	2455.733
47.146664	-88.623039	262.691	2477.684
47.146701	-88.623117	263.451	2484.871
47.146754	-88.623277	269.642	2498.451
47.146786	-88.623401	273.693	2508.662
47.146821	-88.623468	275.214	2514.79
47.146891	-88.623681	275.742	2532.844
47.146956	-88.623953	276.85	2554.939
47.146956	-88.624158	274.798	2570.534
47.147067	-88.62434	267.176	2589.463
47.14723	-88.624362	263.205	2607.673
47.147297	-88.624269	262.827	2617.946
47.147316	-88.624217	262.737	2622.414
47.147421	-88.623809	264.597	2655.591
47.147429	-88.623735	263.516	2661.221
47.147502	-88.623291	259.025	2695.962
47.147616	-88.62315	255.803	2712.8
47.147734	-88.623148	252.903	2726.097
47.147769	-88.623165	251.693	2730.144
47.14793	-88.623325	250.956	2751.887
47.148011	-88.623506	254.348	2768.404
47.148069	-88.623705	258.4	2784.939
47.148096	-88.623831	263.042	2794.803
47.148145	-88.623978	267.263	2807.241
47.148219	-88.624177	271.533	2824.516
47.148315	-88.624383	274.473	2843.47
47.148412	-88.624513	274.472	2858.089
47.14856	-88.62463	274.571	2876.755
47.148718	-88.624777	273.111	2897.535
47.148845	-88.6248	270.83	2911.811
47.148919	-88.624759	270.499	2920.516
47.149018	-88.624658	269.227	2933.762
47.149159	-88.624403	268.427	2958.638
47.149242	-88.624148	266.907	2980.221
47.149433	-88.623752	263.335	3017.386
47.149613	-88.62368	260.485	3038.447
47.14977	-88.623783	259.485	3057.543
47.149814	-88.623823	259.116	3063.269
47.150027	-88.624065	260.148	3093.336
47.150078	-88.624216	264.15	3106.16
47.150093	-88.624329	268.481	3114.935
47.150139	-88.62455	274.593	3132.438
47.15015	-88.624597	276.904	3136.217
47.150167	-88.624769	280.533	3149.193
47.150221	-88.624936	282.674	3163.289
47.150329	-88.62514	282.572	3182.859
47.150405	-88.625345	281.03	3200.685
47.150534	-88.625567	275.477	3222.822
47.150687	-88.62584	269.905	3249.564
47.150815	-88.626019	267.117	3269.13
47.151	-88.626139	263.467	3291.635
47.151149	-88.626098	264.119	3308.518
47.151228	-88.625997	266.099	3320.278
47.151291	-88.625809	268.979	3336.172
47.151383	-88.625519	269.558	3360.42
47.151429	-88.625367	270.357	3373.006
47.151501	-88.625093	268.576	3395.299
47.15152	-88.624981	266.426	3404.042
47.151539	-88.624869	263.794	3412.753
47.15164	-88.624555	260.454	3439.24
47.151712	-88.624334	257.603	3457.763
47.151855	-88.623789	250.903	3502.079
47.152025	-88.623479	249.835	3532.817
47.152143	-88.623354	249.736	3549.1
47.152237	-88.623253	250.716	3562.015
47.152406	-88.623091	248.435	3584.47
47.152612	-88.622914	245.904	3610.975
47.152815	-88.622828	244.564	3634.542
47.152879	-88.622688	247.107	3647.818
47.152819	-88.62255	251.43	3660.387
47.152717	-88.622504	256.861	3672.251
47.152729	-88.622488	260.613	3673.299
47.152718	-88.622472	266.802	3676.002
47.152556	-88.622523	277.815	3676.002
47.152343	-88.622606	283.025	3700.229
47.152188	-88.622627	286.145	3716.326
47.152011	-88.622527	287.094	3735.943
47.151892	-88.622297	284.311	3757.249
47.151769	-88.622034	282.839	3780.626
47.151751	-88.621804	276.815	3798.232
47.151824	-88.62171	271.465	3808.948
47.15196	-88.621675	266.457	3824.279
47.152101	-88.621619	264.018	3840.599
47.152222	-88.621526	260.676	3855.771
47.152284	-88.621329	260.747	3872.462
47.152357	-88.621005	261.057	3898.353
47.152439	-88.620765	260.598	3918.666
47.152586	-88.620553	259.209	3941.656
47.152816	-88.620244	256.659	3976.394
47.152971	-88.620033	257.329	4000.491
47.153082	-88.620057	257.79	4013.074
47.153207	-88.620201	259.38	4030.714
47.153354	-88.620343	261.971	4050.439
47.15357	-88.620491	264.921	4076.877
47.153796	-88.620565	267.112	4102.673
47.153973	-88.620581	267.11	4122.466
47.154121	-88.620496	266.67	4140.208
47.154211	-88.62044	266.519	4151.04
47.154425	-88.620426	265.45	4175.186
47.15452	-88.620428	264.3	4185.858
47.154677	-88.620391	263.42	4203.433
47.154829	-88.620362	263.59	4220.577
47.154941	-88.62033	263.28	4233.246
47.155018	-88.620278	263.95	4242.584
47.155119	-88.620171	265	4256.351
47.155254	-88.620044	265.51	4274.26
47.155389	-88.619928	265.24	4291.662
47.155509	-88.61972	266.569	4312.333
47.155623	-88.619574	266.099	4329.242
47.155842	-88.619515	265.74	4354.25
47.156051	-88.619514	266.07	4377.485
47.156233	-88.619436	264.52	4398.717
47.156354	-88.61927	264.49	4417.218
47.156412	-88.619019	266.261	4437.23
47.156494	-88.618718	267.13	4461.897
47.156581	-88.618499	267.831	4481.162
47.156635	-88.618306	267.81	4496.997
47.156719	-88.618079	269.131	4516.596
47.15677	-88.618009	269.231	4524.362
47.156866	-88.617979	268.872	4535.095
47.156931	-88.617891	269.933	4545.596
47.156892	-88.617729	271.062	4558.702
47.156813	-88.617588	272.942	4572.666
47.156732	-88.617471	273.023	4585.122
47.156644	-88.617371	275.793	4597.417
47.156531	-88.617257	278.173	4612.577
47.156468	-88.617163	279.143	4622.765
47.156403	-88.617027	281.413	4635.342
47.156401	-88.617005	281.712	4637.013
47.156367	-88.616791	283.122	4653.839
47.156348	-88.616642	282.982	4665.228
47.156354	-88.616592	282.572	4668.949
47.156415	-88.616531	281.312	4676.494
47.156552	-88.616561	279.402	4692.531
47.156624	-88.616729	279.682	4707.654
47.156663	-88.616814	280.302	4715.331
47.156766	-88.616946	281.422	4730.531
47.156952	-88.617073	280.162	4753.377
47.157029	-88.617105	279.301	4762.332
47.157186	-88.617236	278.371	4782.749
47.157258	-88.617315	277.781	4792.776
47.15736	-88.617419	277.462	4807.194
47.157467	-88.617372	275.872	4819.681
47.157477	-88.617169	276.582	4835.477
47.157431	-88.616937	279.393	4853.875
47.157503	-88.616747	281.653	4870.441
47.15752	-88.616627	282.644	4879.852
47.157588	-88.616513	282.042	4890.977
47.157731	-88.616467	280.832	4907.087
47.157817	-88.616459	280.042	4916.608
47.157953	-88.616449	278.931	4931.839
47.158036	-88.616567	279.982	4944.666
47.158094	-88.616701	280.833	4956.797
47.158101	-88.616844	280.783	4967.613
47.15821	-88.616952	282.123	4982.654
47.158233	-88.617066	283.353	4992.43
47.158281	-88.617234	281.992	5007.4
47.158325	-88.617297	281.602	5014.337
47.158441	-88.617516	281.912	5035.725
47.158552	-88.617838	282.012	5063.194
47.158629	-88.617954	281.581	5075.5
47.158678	-88.618146	276.05	5090.856
47.158686	-88.618319	270.219	5103.927
47.158657	-88.618316	271.26	5107.093
47.158581	-88.618317	272.681	5115.73
47.158445	-88.618396	272.662	5131.956
47.158362	-88.618438	273.763	5141.767
47.158265	-88.618601	273.242	5158.107
47.158209	-88.618748	276.834	5169.917
47.158192	-88.618838	276.653	5176.975
47.158115	-88.619036	275.343	5194.722
47.158021	-88.619258	273.902	5214.664
47.157998	-88.619329	273.702	5220.62
47.157947	-88.619476	271.951	5233.173
47.157879	-88.619774	268.09	5256.934
47.157909	-88.620072	268.361	5279.739
47.157955	-88.620226	269.861	5292.321
47.158092	-88.620502	268.671	5318.191
47.158106	-88.620625	266.001	5327.08
47.158005	-88.62056	265.271	5339.293
47.157835	-88.620372	269.172	5363.164
47.157755	-88.620284	267.522	5374.288
47.157682	-88.620218	267.522	5383.625
47.15761	-88.620343	265.411	5395.933
47.15763	-88.620574	264.281	5414.162
47.157751	-88.620606	263.961	5427.775
47.15787	-88.620649	263.871	5441.857
47.157932	-88.620725	263.251	5450.842
47.158053	-88.620822	260.72	5466.151
47.158241	-88.62093	256.919	5488.597
47.158346	-88.620841	254.309	5502.969
47.158382	-88.620804	252.949	5507.765
47.158494	-88.620713	251.119	5521.655
47.158478	-88.620827	252.69	5531.431
47.158444	-88.620953	250.189	5541.617
47.158366	-88.621266	248.289	5566.92
47.158513	-88.621481	248.76	5590.503
47.158677	-88.621544	247.789	5609.279
47.158797	-88.621591	244.739	5623.14
47.158896	-88.621622	245.719	5634.279
47.159013	-88.621747	251.952	5650.586
47.15917	-88.621786	249.001	5668.416
47.159184	-88.621777	249.272	5669.669
47.15926	-88.621694	250.982	5679.748
47.159327	-88.621694	252.162	5687.541
47.159401	-88.621819	257.504	5700.59
47.15941	-88.621934	263.075	5709.405
47.159483	-88.622047	264.024	5721.597
47.159609	-88.622175	263.313	5738.669
47.159658	-88.622223	263.652	5745.249
47.159706	-88.622348	264.232	5756.132
47.159786	-88.622538	263.941	5773.088
47.159894	-88.622627	261.88	5787.046
47.160043	-88.622697	258.401	5804.347
47.160075	-88.622599	255.091	5813.665
47.160028	-88.622568	253.861	5819.241
47.159914	-88.622476	255.182	5834.272
47.159878	-88.62236	257.212	5843.994
47.159817	-88.622249	259.192	5854.811
47.159727	-88.622038	261.392	5873.757
47.159687	-88.621795	259.741	5892.83
47.159677	-88.62157	260.841	5910.06
47.159674	-88.621538	260.661	5912.476
47.159556	-88.621426	260.381	5927.973
47.159391	-88.621261	259.482	5950.509
47.159316	-88.621045	259.701	5968.884
47.159311	-88.62074	263.452	5992.17
47.159295	-88.620492	266.272	6010.955
47.159295	-88.620277	266.852	6027.32
47.159307	-88.620098	267.822	6040.984
47.15931	-88.619887	268.251	6057.218
47.159275	-88.61965	270.022	6075.709
47.159274	-88.619443	272.062	6091.603
47.159352	-88.619226	272.673	6110.316
47.159364	-88.619049	274.953	6123.834
47.159359	-88.618786	277.053	6143.821
47.159312	-88.618551	276.222	6162.483
47.159246	-88.61828	276.602	6184.394
47.15916	-88.617973	277.062	6209.671
47.158995	-88.617696	277.813	6237.49
47.158908	-88.61747	276.582	6257.265
47.158829	-88.617153	276.022	6282.882
47.158761	-88.617017	277.222	6295.716
47.158771	-88.61681	278.033	6311.643
47.158772	-88.616767	278.203	6314.907
47.158726	-88.616589	278.923	6329.533
47.158693	-88.616434	280.614	6341.835
47.158655	-88.61623	281.573	6357.867
47.15865	-88.616205	282.543	6359.817
47.158708	-88.616127	284.013	6368.748
47.158787	-88.616013	283.583	6380.699
47.158982	-88.615997	282.323	6402.1
47.159196	-88.616047	282.893	6426.153
47.159428	-88.61604	281.232	6451.974
47.159581	-88.615975	280.992	6470.059
47.159641	-88.615817	280.483	6483.756
47.159772	-88.615561	280.753	6508.148
47.159898	-88.615416	280.993	6526.101
47.160001	-88.615244	281.823	6543.838
47.160049	-88.615097	283.033	6556.238
47.160118	-88.614868	284.113	6575.237
47.160206	-88.614669	284.703	6593.158
47.160255	-88.614458	286.623	6610.149
47.160238	-88.614278	288.744	6623.946
47.160208	-88.61403	290.924	6643.05
47.160182	-88.61382	292.545	6659.25
47.160157	-88.61361	294.536	6675.55
47.160078	-88.613391	296.095	6694.382
47.160059	-88.613222	296.074	6707.378
47.160144	-88.613091	296.054	6721.368
47.160352	-88.613027	292.753	6745.58
47.160526	-88.613124	291.923	6766.236
47.160553	-88.613132	291.933	6769.269
47.160722	-88.613052	290.924	6789.018
47.160751	-88.613042	290.723	6792.317
47.160757	-88.613042	290.913	6792.989
47.160745	-88.612914	293.005	6802.854
47.160642	-88.612604	295.046	6828.952
47.160515	-88.612281	295.855	6857.229
47.160392	-88.612029	296.584	6880.73
47.16024	-88.611727	298.865	6909.242
47.160128	-88.611469	300.285	6932.453
47.160119	-88.611414	301.105	6936.558
47.160194	-88.611366	299.844	6946.271
47.160456	-88.611325	298.264	6975.601
47.160742	-88.611248	297.514	7007.969
47.160853	-88.611184	297.364	7021.266
47.161036	-88.610954	297.065	7048.815
47.161063	-88.610793	298.085	7061.422
47.161132	-88.610441	299.065	7089.667
47.161158	-88.610241	300.195	7105.073
47.161228	-88.60995	301.345	7128.699
47.161325	-88.60974	302.356	7148.088
47.161456	-88.609557	302.705	7168.187
47.161572	-88.609347	303.495	7188.765
47.161691	-88.609246	304.626	7204.288
47.161913	-88.609157	303.465	7229.817
47.161983	-88.608991	304.175	7245.361
47.162009	-88.608845	304.635	7256.779
47.162127	-88.608772	304.065	7271.662
47.162189	-88.608821	303.715	7279.551
47.162324	-88.608973	302.635	7298.407
47.162493	-88.609034	301.685	7318.518
47.162787	-88.608895	300.385	7352.896
47.163145	-88.608812	298.695	7393.228
47.163286	-88.608809	298.105	7408.904
47.163427	-88.608826	297.565	7424.639
47.163619	-88.608795	296.875	7446.204
47.163715	-88.608741	296.405	7457.553
47.163997	-88.60864	295.765	7489.886
47.164337	-88.608657	295.895	7527.771
47.164386	-88.60866	295.805	7533.266
47.16458	-88.60862	295.415	7555.031
47.16477	-88.608602	295.305	7576.169
47.164968	-88.608656	294.315	7598.848
47.165157	-88.608628	293.635	7620.783
47.165282	-88.608425	293.546	7641.592
47.165392	-88.608231	293.926	7660.955
47.165434	-88.608201	293.816	7666.052
47.165623	-88.608081	292.695	7689.016
47.165732	-88.608041	292.235	7701.444
47.165941	-88.607959	291.886	7726.005
47.16613	-88.607778	291.815	7751.717
47.166473	-88.607771	289.414	7789.931
47.166803	-88.607753	286.484	7826.64
47.166989	-88.607798	285.755	7847.674
47.167064	-88.607753	284.964	7857.766
47.167054	-88.60771	284.805	7861.156
47.16707	-88.607482	284.235	7880.592
47.167189	-88.607478	283.094	7893.911
47.167328	-88.607636	281.434	7913.8
47.167444	-88.607825	280.074	7932.986
47.167607	-88.608031	277.835	7957.081
47.167792	-88.60804	277.475	7978.354
47.167921	-88.608091	277.995	7994.045
47.168029	-88.608254	277.036	8012.017
47.168204	-88.608477	278.857	8039.326
47.168238	-88.608709	279.277	8057.305
47.168255	-88.608828	279.447	8066.487
47.168421	-88.608899	280.327	8087.237
47.168519	-88.608964	283.068	8101.141
47.168614	-88.60915	282.847	8119.562
47.168777	-88.609209	282.037	8138.807
47.168879	-88.609199	278.356	8150.094
47.169041	-88.609121	275.926	8169.617
47.169273	-88.608989	275.467	8197.73
47.169527	-88.608845	275.447	8227.927
47.169751	-88.608699	278.398	8255.316
47.169866	-88.608698	279.238	8268.184
47.170017	-88.608644	279.417	8285.427
47.170191	-88.608656	281.588	8304.81
47.170411	-88.608691	282.898	8329.868
47.170577	-88.608687	283.368	8348.245
47.170636	-88.608652	284.618	8355.421
47.170772	-88.608566	288.529	8371.944
47.170889	-88.608552	287.008	8385.104
47.170964	-88.608532	287.638	8393.557
47.171133	-88.608438	288.198	8413.812
47.171162	-88.608431	288.578	8416.983
47.171394	-88.608407	291.088	8442.758
47.171561	-88.608368	291.388	8461.785
47.171588	-88.608342	291.138	8465.284
47.171615	-88.608203	291.369	8476.505
47.171647	-88.608168	290.297	8479.458
47.171576	-88.608167	295.518	8488.104
47.171558	-88.608055	295.278	8496.644
47.171516	-88.607791	298.3	8517.011
47.171504	-88.607734	299.56	8521.504
47.171489	-88.607585	302.882	8532.896
47.171438	-88.607329	307.512	8553.109
47.171374	-88.607035	307.79	8576.542
47.171302	-88.606793	305.777	8596.579
47.171189	-88.606479	296.533	8623.484
47.171083	-88.606197	292.385	8647.795
47.171005	-88.605954	294.817	8668.012
47.170863	-88.605672	296.348	8694.49
47.170827	-88.605601	295.798	8701.108
47.17072	-88.605307	295.418	8726.396
47.170544	-88.604964	298.149	8758.712
47.170511	-88.604911	296.728	8764.1
47.170377	-88.604416	287.776	8805.087
47.170392	-88.60412	289.759	8827.607
47.170419	-88.603878	292.41	8846.186
47.170404	-88.603712	294.03	8858.921
47.170399	-88.603513	295	8874.085
47.1704	-88.603263	298.031	8892.976
47.170372	-88.602987	303.041	8914.107
47.170313	-88.602647	307.192	8940.8
47.170271	-88.6024	308.651	8959.938
47.170249	-88.602156	310.303	8978.491
47.170209	-88.601873	313.281	9000.395
47.170165	-88.60163	316.192	9019.444
47.170118	-88.601391	315.501	9038.137
47.170149	-88.601066	312.119	9062.971
47.170207	-88.600655	311.51	9094.812
47.170203	-88.600453	311.951	9110.328
47.170094	-88.600371	311.13	9124.111
47.170065	-88.600376	310.769	9127.391
47.169854	-88.600406	311.141	9151.031
47.169668	-88.600396	311.871	9171.844
47.169531	-88.600375	312.341	9187.349
47.169356	-88.600526	311.11	9209.884
47.169233	-88.600582	310.23	9224.118
47.169082	-88.600799	309.169	9248.154
47.169068	-88.600853	308.829	9252.54
47.168908	-88.601266	308.079	9288.726
47.168686	-88.601669	306.209	9328.009
47.168507	-88.601992	305.409	9359.591
47.168382	-88.602265	305.049	9384.524
47.168152	-88.602501	304.029	9416.092
47.167885	-88.602652	304.93	9447.996
47.167535	-88.602813	306.431	9488.856
47.167451	-88.602855	307.312	9498.633
47.167293	-88.602982	307.501	9518.669
47.167111	-88.603191	305.247	9544.416
47.167003	-88.603288	303.997	9558.487
47.166824	-88.603384	302.547	9579.747
47.166584	-88.603307	302.068	9607.446
47.166464	-88.603111	301.918	9628.013
47.166479	-88.602888	302.569	9645.462
47.166524	-88.602812	303.059	9653.146
47.166609	-88.60263	304.369	9670.046
47.166587	-88.602409	306.45	9687.912
47.166551	-88.602321	307.791	9695.706
47.166395	-88.602089	313.154	9720.499
47.166335	-88.602059	314.381	9727.497
47.16623	-88.602104	313.73	9739.715
47.166139	-88.602226	312.159	9753.398
47.165977	-88.602321	309.428	9773.259
47.165822	-88.602239	307.406	9791.608
47.165704	-88.60208	305.957	9809.475
47.165613	-88.601834	305.458	9830.661
47.16561	-88.601773	305.859	9835.258
47.165581	-88.601473	306.749	9858.49
47.16552	-88.601306	306.929	9872.897
47.165403	-88.600942	307.57	9903.469
47.165295	-88.600723	309.77	9923.958
47.165219	-88.600667	309.069	9933.43
47.165113	-88.600489	307.629	9951.805
47.165103	-88.600456	308.29	9954.602
47.165076	-88.600428	305.338	9958.321
47.165055	-88.60036	307.83	9964.64
47.165051	-88.600335	308.42	9966.59
47.16494	-88.60028	308.859	9980.566
47.164915	-88.600299	308.029	9983.656
47.164848	-88.600455	304.779	9998.106
47.164832	-88.600643	302.078	10012.557
47.164821	-88.600868	300.278	10029.573
47.164784	-88.601	300.899	10040.261
47.164718	-88.601176	306.482	10055.376
47.164692	-88.60131	305.61	10065.655
47.164631	-88.601278	305	10074.75
47.164575	-88.600955	306.13	10100.139
47.1645	-88.600769	307.321	10116.779
47.164321	-88.600582	306.85	10141.295
47.164195	-88.600392	306.92	10161.397
47.164175	-88.600126	303.787	10182.403
47.164177	-88.599925	301.878	10198.303
47.164043	-88.599808	300.768	10215.791
47.163905	-88.599694	299.898	10233.418
47.163829	-88.599684	299.868	10241.95
47.163506	-88.599699	300.229	10277.98
47.163321	-88.599706	300.87	10298.524
47.163231	-88.599569	303.461	10313.421
47.16313	-88.5994	305.461	10330.491
47.163039	-88.59922	308.453	10347.335
47.162868	-88.598983	310.511	10373.805
47.162843	-88.59894	311.381	10377.997
47.162675	-88.598827	316.452	10398.613
47.162614	-88.598733	315.381	10408.397
47.162465	-88.59834	312.209	10442.482
47.162385	-88.598105	308.688	10462.292
47.162052	-88.597591	302.959	10516.025
47.161929	-88.597407	301.419	10535.601
47.161725	-88.597191	300.96	10563.593
47.16164	-88.597008	302.941	10580.46
47.161516	-88.596573	308.953	10616.316
47.161392	-88.596491	311.183	10631.51
47.16133	-88.596365	312.113	10643.263
47.161148	-88.596228	313.342	10666.605
47.161002	-88.596294	311.911	10683.973
47.160873	-88.596515	310.09	10706.003
47.160845	-88.596618	309.099	10714.44
47.16071	-88.59685	307.179	10737.865
47.160323	-88.597202	302.578	10788.492
47.160103	-88.597342	303.36	10815.238
47.159877	-88.597203	306.131	10842.693
47.159661	-88.597019	307.791	10870.871
47.159621	-88.597007	308.232	10875.353
47.159416	-88.597065	309.181	10898.794
47.159214	-88.597133	310.891	10921.984
47.158994	-88.597165	311.03	10946.492
47.158738	-88.597179	309.419	10974.973
47.158698	-88.597179	308.998	10979.491
47.158511	-88.597317	307.397	11003.53
47.158215	-88.597757	305.077	11050.426
47.157918	-88.598059	304.038	11090.729
47.157532	-88.598286	304.498	11137.013
47.157167	-88.598379	304.889	11178.171
47.156714	-88.598465	305.349	11229.038
47.15636	-88.598482	307.12	11268.394
47.15621	-88.598494	307.669	11285.11
47.15608	-88.598619	307.268	11303.048
47.156055	-88.59877	306.928	11315.29
47.156149	-88.599009	306.697	11336.235
47.156356	-88.599459	306.097	11377.371
47.156535	-88.599941	304.446	11419.181
47.156535	-88.60033	303.627	11449.021
47.156495	-88.600488	303.256	11461.734
47.156448	-88.600636	302.837	11474.127
47.156463	-88.601014	302.837	11503.629
47.15665	-88.601414	302.667	11540.491
47.156879	-88.601962	303.368	11589.301
47.156867	-88.602256	303.017	11612.483
47.156833	-88.602313	303.098	11618.182
47.156723	-88.602463	303.377	11634.848
47.156655	-88.602721	303.868	11656.496
47.156698	-88.60292	304.217	11672.397
47.15697	-88.603588	303.526	11731.365
47.157236	-88.604158	303.156	11783.802
47.157559	-88.604673	302.676	11836.929
47.157752	-88.604925	302.086	11865.582
47.157842	-88.604999	301.986	11877.127
47.158023	-88.605251	301.926	11905.22
47.158047	-88.605314	301.736	11910.703
47.158244	-88.606004	300.876	11967.382
47.158429	-88.606617	300.066	12018.243
47.158609	-88.607234	299.125	12069.161
47.158859	-88.607858	297.885	12124.062
47.159066	-88.608471	297.523	12175.965
47.159248	-88.608948	296.705	12217.388
47.159468	-88.609478	296.935	12264.521
47.159689	-88.61	296.135	12311.245
47.159877	-88.610634	296.115	12363.697
47.159969	-88.610919	295.734	12387.582
47.159992	-88.611292	295.524	12416.423
47.159964	-88.611431	296.103	12427.365
47.159824	-88.611923	295.643	12467.836
47.159706	-88.612475	293.823	12511.716
47.159601	-88.613069	291.803	12558.304
47.15947	-88.613708	288.222	12608.849
47.159447	-88.613793	287.682	12615.785
47.159198	-88.61433	285.143	12665.214
47.158934	-88.614837	283.082	12713.643
47.158764	-88.615409	279.139	12760.979
47.158707	-88.615584	277.819	12775.654
47.158568	-88.615799	276.471	12798.211
47.158557	-88.615808	276.392	12799.635
47.158587	-88.6158	282.632	12800.769
47.15846	-88.615846	281.261	12815.362
47.158124	-88.615964	280.543	12853.904
47.157931	-88.615976	280.743	12875.329
47.157651	-88.615996	283.376	12906.551
47.157471	-88.615975	286.966	12926.6
47.157317	-88.615973	288.815	12943.727
47.157048	-88.615993	288.394	12973.696
47.156839	-88.616019	288.274	12997.006
47.156694	-88.615976	291.954	13013.46
47.156544	-88.615927	293.223	13030.562
47.156404	-88.615899	294.303	13046.305
47.156367	-88.615904	293.873	13050.378
47.156111	-88.615924	291.642	13078.892
47.155938	-88.615893	291.813	13098.293
47.155751	-88.61585	293.503	13119.235
47.155605	-88.615852	293.612	13135.482
47.155234	-88.615843	291.282	13176.816
47.155044	-88.615833	290.873	13197.836
47.154797	-88.615814	290.733	13225.419
47.154528	-88.615762	289.382	13255.614
47.154319	-88.615746	288.983	13278.801
47.154094	-88.615718	290.893	13303.999
47.153859	-88.615726	291.573	13330.082
47.153822	-88.615729	292.213	13334.207
47.153583	-88.61572	291.463	13360.84
47.153314	-88.615617	290.302	13391.786
47.153207	-88.615634	288.361	13403.837
47.15302	-88.615802	284.32	13428.172
47.15288	-88.616098	281.09	13456.252
47.152914	-88.616363	280.03	13476.763
47.152942	-88.616668	278.25	13500.143
47.152969	-88.616826	276.979	13512.475
47.153042	-88.617203	273.839	13542.325
47.152992	-88.617653	270.089	13577.132
47.152917	-88.617981	267.238	13603.498
47.152959	-88.618401	265.428	13636.444
47.153123	-88.618863	262.468	13675.964
47.153121	-88.619253	259.457	13705.903
47.153062	-88.619582	255.256	13731.657
47.152957	-88.619859	253.898	13756.836
47.152729	-88.619818	259.501	13782.836
47.152418	-88.619606	267.172	13820.987
47.152279	-88.619502	270.494	13838.349
47.152025	-88.61933	272.552	13869.451
47.151676	-88.619129	271.571	13911.115
47.151623	-88.619101	271.251	13917.361
47.151268	-88.619046	271.641	13957.101
47.151212	-88.619039	271.361	13963.308
47.151008	-88.619077	270.03	13986.252
47.150908	-88.619126	271.041	13997.873
47.150571	-88.619342	268.22	14038.739
47.150516	-88.619389	267.34	14045.766
47.150317	-88.619636	264.32	14074.782
47.150236	-88.619716	263.02	14085.602
47.150164	-88.619812	262.26	14096.356
47.149993	-88.619971	260.17	14118.938
47.149759	-88.62013	259.461	14147.294
47.14971	-88.62016	259.391	14153.171
47.149499	-88.62022	260.232	14177.143
47.149081	-88.620212	259.061	14223.725
47.148746	-88.620146	259.511	14261.381
47.148414	-88.620088	259.041	14298.538
47.148307	-88.620088	257.57	14310.47
47.148076	-88.620041	258.531	14336.545
47.148016	-88.620006	260.24	14343.739
47.147854	-88.619915	262.47	14363.011
47.14764	-88.619795	261.399	14388.445
47.147394	-88.619654	262.151	14417.872
47.14726	-88.619544	263.851	14434.903
47.147068	-88.619335	262.36	14461.422
47.146841	-88.619079	261.02	14493.309
47.146604	-88.618862	261.08	14524.388
47.146438	-88.618675	260.119	14547.712
47.146187	-88.618412	262.84	14581.964
47.145922	-88.618197	266.221	14615.667
47.145711	-88.618069	265.5	14641.053
47.14544	-88.617861	264.38	14675.278
47.145387	-88.617748	265.01	14685.794
47.145368	-88.617686	264.98	14689.79
47.145364	-88.617676	264.84	14690.698
47.145311	-88.61753	264.02	14703.213
47.145238	-88.617331	265.582	14720.393
47.145154	-88.617118	265.661	14739.129
47.145035	-88.616819	266.171	14765.383
47.144983	-88.616555	266.231	14786.278
47.144973	-88.616297	265.251	14805.889
47.144971	-88.616193	265.271	14813.817
47.144864	-88.616043	267.472	14830.377
47.144765	-88.616028	267.451	14841.521
47.144658	-88.616104	264.26	14854.603
47.144437	-88.616339	258.689	14884.956
47.144248	-88.616642	253.889	14916.105
47.144071	-88.617122	250.239	14957.598
47.144018	-88.617578	248.439	14992.858
47.144033	-88.61817	245.609	15037.803
47.14403	-88.618412	244.529	15056.15
47.144017	-88.618459	244.478	15059.87
47.144015	-88.618476	245.169	15061.041
47.144005	-88.618612	245.269	15071.458
47.144007	-88.618905	244.589	15093.716
47.143889	-88.618997	244.109	15109.377
47.143483	-88.619002	243.649	15154.526
47.143262	-88.618992	243.389	15179.115
47.142905	-88.619018	244.049	15218.965
47.14254	-88.619039	244.789	15259.537
47.142232	-88.619076	246.519	15293.913
47.141902	-88.619117	246.548	15330.765
47.141508	-88.619153	248.059	15374.563
47.141465	-88.61916	248.429	15379.379
47.1413	-88.619294	248.148	15401.323
47.141286	-88.61934	248.329	15405.089
47.141269	-88.619671	248.458	15430.501
47.141269	-88.620137	245.657	15465.884
47.141313	-88.620784	242.486	15515.199
47.141395	-88.621268	240.166	15553.074
47.14162	-88.621828	237.426	15602.535
47.141794	-88.62215	235.686	15633.698
47.141811	-88.622424	233.856	15655.83
47.141735	-88.62241	233.484	15664.326
47.141443	-88.622121	232.886	15703.471
47.141275	-88.622016	231.496	15723.808
47.140906	-88.621839	230.767	15766.879
47.140662	-88.6218	228.746	15794.197
47.14028	-88.621852	222.913	15836.878
47.1399	-88.621687	216.601	15881.907
47.13935	-88.621111	208.422	15957.025
47.139142	-88.620952	205.972	15983.068
47.138935	-88.620944	202.393	16006.834
47.138795	-88.621126	199.404	16027.993
47.138799	-88.621264	196.825	16038.962
47.138823	-88.621283	197.016	16041.896
47.138822	-88.621275	201.037	16044.809
47.138837	-88.621243	196.756	16048.317
47.138858	-88.621231	196.057	16050.547
47.138829	-88.621161	200.236	16053.101
47.138837	-88.621185	198.284	16055.526
