%"Collected By Brett Hamlin Spt 23, 2009, Houghton, MI"			
%Latitude	Longitude	Elivation (m)	Distrnce (m)
47.107753	-88.552382	264.981	0
47.107753	-88.552382	265.942	2.491
47.107709	-88.552346	267.865	14.513
47.10756	-88.55236	269.787	31.222
47.107446	-88.552352	270.268	43.923
47.107319	-88.552349	271.71	58.118
47.107179	-88.552304	273.632	74.043
47.10703	-88.552242	275.555	91.292
47.106952	-88.552234	276.516	99.94
47.106777	-88.552141	277.958	120.64
47.106648	-88.552048	278.92	136.754
47.106612	-88.551842	284.207	154.008
47.106627	-88.551765	283.726	160.193
47.106692	-88.551544	283.726	178.551
47.106702	-88.551314	283.726	196.07
47.106744	-88.55108	282.284	214.703
47.106801	-88.550855	282.284	233.285
47.106836	-88.550808	281.323	238.561
47.10689	-88.550736	280.842	246.59
47.106794	-88.550512	278.439	268.132
47.1067	-88.550363	275.074	283.478
47.106637	-88.550266	275.555	293.634
47.106609	-88.549971	274.113	317.831
47.106577	-88.54956	272.671	350.605
47.106569	-88.549296	273.632	371.247
47.106549	-88.549095	274.113	386.758
47.106501	-88.54884	274.594	407.658
47.106524	-88.548462	276.516	436.596
47.106574	-88.548309	275.555	449.389
47.1066	-88.548162	275.074	460.879
47.106608	-88.548148	274.594	462.142
47.106651	-88.548106	274.113	468.739
47.106745	-88.547991	284.207	484.625
47.106816	-88.547855	282.284	498.019
47.106844	-88.547695	280.842	510.649
47.106949	-88.547401	277.478	536.537
47.107036	-88.547173	275.555	556.407
47.10713	-88.546996	272.671	574.716
47.107169	-88.547016	271.71	579.167
47.107251	-88.54703	271.229	588.375
47.107384	-88.546925	268.826	605.139
47.107567	-88.546858	266.903	626.127
47.107686	-88.546739	264.5	642.324
47.107794	-88.546547	263.539	661.238
47.107837	-88.54629	262.097	681.455
47.107886	-88.546108	262.577	696.955
47.107863	-88.545992	262.097	706.209
47.107771	-88.545671	260.174	734.176
47.107797	-88.545376	256.809	757.423
47.107851	-88.545138	256.329	776.796
47.107973	-88.54499	254.887	794.418
47.108128	-88.544997	254.406	811.687
47.108143	-88.544831	252.003	826.161
47.108044	-88.544678	248.158	842.873
47.108068	-88.544484	246.235	857.894
47.108073	-88.544254	244.312	875.418
47.108042	-88.544059	242.39	890.602
47.108137	-88.543913	240.467	906.154
47.108207	-88.543703	239.505	924.171
47.108242	-88.543676	238.544	928.54
47.108381	-88.543557	239.505	946.55
47.108445	-88.543356	239.025	963.7
47.108458	-88.543076	238.064	985.044
47.108478	-88.542882	239.025	1000.025
47.108496	-88.54284	239.025	1003.766
47.108599	-88.54272	238.064	1018.628
47.108747	-88.542514	238.544	1041.483
47.10881	-88.542375	239.025	1054.143
47.108843	-88.542168	240.467	1070.245
47.108825	-88.541912	241.909	1089.736
47.108778	-88.541806	241.909	1099.402
47.108701	-88.541684	241.428	1112.081
47.108637	-88.541394	241.428	1135.99
47.108644	-88.541154	240.948	1154.233
47.108628	-88.540986	240.467	1167.102
47.108529	-88.540766	237.102	1186.912
47.108483	-88.540559	234.218	1203.582
47.108458	-88.540197	231.334	1231.376
47.108446	-88.540118	229.892	1237.539
47.108426	-88.539776	226.047	1263.628
47.108292	-88.539556	225.567	1287.634
47.108126	-88.539475	227.009	1306.987
47.107988	-88.539444	226.047	1322.507
47.107942	-88.539452	227.489	1327.622
47.107809	-88.539471	228.931	1342.578
47.107676	-88.539491	231.815	1357.435
47.107644	-88.539494	231.815	1361.046
47.107434	-88.539378	232.776	1386.496
47.107264	-88.539286	233.257	1407.092
47.107168	-88.539189	236.141	1421.798
47.107086	-88.538992	236.141	1439.502
47.106959	-88.538798	234.218	1459.929
47.106854	-88.53871	231.815	1473.203
47.106824	-88.538709	228.931	1476.501
47.106782	-88.538475	224.605	1495.299
47.106681	-88.538186	222.202	1520.181
47.106641	-88.538121	220.76	1526.689
47.106419	-88.538124	217.395	1552.785
47.106284	-88.538067	216.434	1568.824
47.1062	-88.53788	214.992	1586.079
47.106067	-88.537682	213.55	1607.231
47.105838	-88.537592	214.511	1633.741
47.105683	-88.537636	214.031	1651.706
47.105639	-88.537764	215.953	1662.615
47.105631	-88.537881	215.953	1671.467
47.105683	-88.538113	217.395	1690.253
47.105681	-88.538197	218.357	1696.511
47.10567	-88.538235	219.318	1699.59
47.105668	-88.538406	220.279	1712.65
47.105695	-88.538571	221.241	1725.936
47.105733	-88.538683	221.721	1735.554
47.105826	-88.538902	225.086	1755.177
47.105884	-88.539053	224.605	1768.317
47.105936	-88.539191	227.489	1780.464
47.105956	-88.539368	228.931	1794.111
47.105926	-88.539524	228.45	1806.443
47.105895	-88.539663	229.892	1817.415
47.105784	-88.539751	232.296	1831.988
47.10564	-88.539694	231.815	1848.631
47.105515	-88.539655	229.412	1863.015
47.105481	-88.539675	228.931	1867.062
47.105458	-88.539865	229.412	1886.15
47.105482	-88.539885	229.412	1889.182
47.105586	-88.540045	229.892	1906.407
47.105595	-88.540073	229.412	1908.733
47.10559	-88.54016	231.815	1915.276
47.105588	-88.540248	233.738	1921.904
47.105646	-88.540415	234.699	1936.245
47.105636	-88.540562	237.102	1947.793
47.105664	-88.540715	238.064	1959.779
47.105668	-88.540745	237.583	1962.069
47.105677	-88.540822	237.583	1967.875
47.105765	-88.540964	236.141	1982.597
47.105859	-88.54108	235.66	1996.363
47.105973	-88.541198	232.776	2012.157
47.106115	-88.541334	234.218	2030.83
47.106129	-88.541401	234.699	2036.083
47.10614	-88.541616	239.505	2052.484
47.106159	-88.541776	237.102	2064.828
47.106172	-88.541953	233.738	2078.243
47.106178	-88.541986	233.738	2080.955
47.106261	-88.542186	236.141	2098.905
47.106248	-88.542398	238.064	2115.249
47.106244	-88.542435	239.025	2118.131
47.106223	-88.542504	239.025	2123.776
47.106232	-88.542615	240.948	2132.698
47.106275	-88.542819	243.351	2149.078
47.10628	-88.542848	242.87	2151.275
47.106203	-88.542921	248.158	2161.792
47.106116	-88.542987	248.158	2174.521
47.10614	-88.543174	248.638	2189.272
47.106128	-88.543365	249.119	2203.984
47.106114	-88.543524	251.041	2216.128
47.106136	-88.543589	251.522	2221.717
47.106121	-88.543787	248.158	2237.311
47.106133	-88.543901	249.119	2246.096
47.106174	-88.5441	250.08	2262.407
47.106165	-88.544193	250.561	2269.217
47.106158	-88.544397	254.406	2285.835
47.106072	-88.544536	256.329	2300.238
47.105977	-88.544634	256.809	2313.558
47.105965	-88.544666	257.29	2316.268
47.105916	-88.544868	259.693	2332.58
47.105903	-88.545055	258.732	2346.935
47.105907	-88.545084	259.213	2349.215
47.105863	-88.54529	260.655	2365.918
47.105804	-88.545469	262.097	2381.948
47.105889	-88.545577	260.655	2396.181
47.106012	-88.545623	261.616	2411.85
47.106018	-88.545841	265.942	2430.923
47.105932	-88.545859	266.422	2441.182
47.105803	-88.545951	267.865	2462.11
47.105822	-88.546009	269.307	2466.893
47.105943	-88.546057	269.787	2481.526
47.106052	-88.546078	270.268	2494.286
47.106124	-88.546203	270.748	2506.771
47.106179	-88.546354	271.229	2519.913
47.106156	-88.546518	271.229	2532.703
47.106037	-88.546566	272.19	2546.87
47.105885	-88.546549	272.671	2563.954
47.105784	-88.546691	271.229	2585.106
47.105864	-88.546871	271.71	2602.339
47.105807	-88.547057	273.632	2617.93
47.105746	-88.547183	274.594	2630.464
47.10566	-88.547375	274.594	2648.09
47.105645	-88.547564	276.516	2662.678
47.105613	-88.547751	278.439	2677.358
47.105564	-88.547948	283.246	2693.192
47.105558	-88.548112	283.246	2705.394
47.105548	-88.548206	281.323	2711.354
47.105629	-88.548237	273.632	2713.27
47.105532	-88.548132	295.743	2721.855
47.10564	-88.548112	291.897	2735.538
47.105755	-88.548074	288.052	2748.915
47.105781	-88.547934	288.533	2760.008
47.105928	-88.547895	287.091	2778.602
47.105944	-88.547928	286.13	2781.627
47.106011	-88.54813	285.649	2798.659
47.106001	-88.548296	285.168	2810.249
47.105913	-88.548364	282.284	2821.255
47.105824	-88.548519	282.765	2836.324
47.105757	-88.548681	286.61	2849.907
47.105705	-88.548841	288.533	2863.329
47.105665	-88.548977	284.688	2875.094
47.105588	-88.549224	287.091	2895.56
47.105583	-88.549257	287.091	2898.051
47.105689	-88.549327	282.765	2912.635
47.105716	-88.549225	282.765	2921.354
47.105731	-88.549075	281.804	2933.013
47.105846	-88.548946	279.881	2949.18
47.105933	-88.548764	278.92	2966.347
47.10595	-88.548575	277.958	2980.741
47.106074	-88.548478	276.036	2997.423
47.106233	-88.548416	276.036	3016.322
47.106285	-88.548257	277.478	3029.989
47.10625	-88.548093	278.92	3043.421
47.10616	-88.547987	282.765	3056.301
47.106072	-88.547874	286.61	3069.362
47.10603	-88.547792	288.052	3077.161
47.106072	-88.547589	282.765	3094.096
47.106157	-88.547444	277.958	3108.688
47.106306	-88.547286	274.594	3129.157
47.106374	-88.547235	273.632	3137.747
47.106455	-88.547151	272.19	3148.792
47.106452	-88.546971	272.671	3162.461
47.106488	-88.546628	270.748	3189.654
47.106468	-88.546555	271.229	3195.585
47.106556	-88.546283	268.826	3223.136
47.106585	-88.546155	268.826	3233.76
47.106551	-88.546127	273.152	3235.926
47.106471	-88.54597	271.71	3252.003
47.106483	-88.545669	268.826	3276.044
47.106447	-88.545632	268.826	3280.936
47.106306	-88.545463	266.903	3301.479
47.10624	-88.545126	262.577	3328.582
47.106325	-88.544882	259.693	3350.117
47.10639	-88.544742	258.251	3362.955
47.106504	-88.544345	255.848	3396.217
47.106593	-88.544035	254.887	3421.689
47.106649	-88.543831	253.925	3438.337
47.106766	-88.543559	253.925	3462.741
47.106779	-88.543502	253.925	3467.319
47.106848	-88.543244	255.367	3488.469
47.106858	-88.54319	255.367	3492.612
47.106903	-88.543034	254.887	3505.468
47.106855	-88.542818	255.367	3523.02
47.106833	-88.542714	254.887	3531.235
47.106738	-88.542563	254.887	3548.376
47.106782	-88.542541	254.406	3553.477
47.106845	-88.542486	253.445	3561.446
47.106862	-88.54237	253.925	3570.989
47.106815	-88.542229	253.925	3582.902
47.106696	-88.542155	256.329	3598.079
47.106569	-88.542144	261.135	3612.17
47.106438	-88.542083	261.616	3627.713
47.106326	-88.541857	257.29	3649.236
47.106286	-88.541693	252.483	3662.518
47.106293	-88.541439	246.235	3682.085
47.106425	-88.541387	243.351	3697.121
47.106486	-88.541332	241.428	3705.164
47.106658	-88.541125	238.064	3729.973
47.106672	-88.541084	237.102	3733.422
47.106691	-88.540857	236.141	3750.891
47.106639	-88.540545	235.18	3775.438
47.106622	-88.540483	234.699	3780.576
47.106578	-88.540364	234.699	3790.834
47.106485	-88.540083	232.296	3814.638
47.106483	-88.540023	231.815	3819.191
47.106431	-88.539717	227.97	3843.254
47.106403	-88.539644	227.009	3849.596
47.106247	-88.539269	223.163	3883.05
47.106154	-88.539067	222.202	3903.072
47.106247	-88.539059	221.721	3913.886
47.106313	-88.539089	221.241	3921.672
47.106422	-88.539011	222.202	3935.51
47.106552	-88.539018	223.163	3950.409
47.106606	-88.538935	225.567	3959.202
47.106695	-88.538826	227.009	3972.64
47.106749	-88.538779	227.97	3979.606
47.106742	-88.538785	230.373	3980.048
47.106746	-88.53884	233.257	3984.264
47.106805	-88.538949	233.738	3994.82
47.106823	-88.538986	234.218	3998.247
47.106934	-88.539089	233.257	4012.807
47.107045	-88.539212	235.66	4028.361
47.107106	-88.539386	234.218	4043.227
47.107129	-88.539552	234.699	4056.03
47.107182	-88.539716	234.218	4069.841
47.107294	-88.539879	232.296	4087.469
47.107393	-88.539977	230.854	4100.672
47.107493	-88.540074	231.815	4114.136
47.107578	-88.540205	231.815	4127.889
47.107652	-88.540316	234.699	4139.692
47.107742	-88.540456	237.102	4154.341
47.107826	-88.5406	237.583	4169.026
47.107914	-88.540648	239.025	4179.485
47.107951	-88.540799	239.986	4191.678
47.107962	-88.541035	242.87	4209.966
47.107992	-88.541222	243.832	4224.614
47.108019	-88.541344	245.273	4234.266
47.108074	-88.5415	246.715	4247.951
47.108158	-88.541668	247.196	4263.675
47.108218	-88.541746	246.715	4272.551
47.108254	-88.541921	249.599	4286.601
47.108244	-88.542106	255.848	4301.188
47.108223	-88.542227	255.367	4310.553
47.108176	-88.542304	257.771	4318.326
47.108118	-88.542443	262.577	4331.295
47.108252	-88.542568	258.732	4349.545
47.108292	-88.542696	259.213	4360.805
47.108283	-88.542818	259.213	4370.099
47.10826	-88.543008	264.5	4384.431
47.108285	-88.543222	259.213	4400.396
47.108293	-88.543315	255.848	4407.351
47.108203	-88.543351	260.174	4415.306
47.108073	-88.543294	265.942	4430.103
47.108102	-88.543276	265.461	4433.65
47.108146	-88.543228	263.539	4439.75
47.108097	-88.543074	266.903	4455.958
47.107988	-88.542985	268.345	4470.777
47.107999	-88.542935	267.384	4474.793
47.108016	-88.542828	264.981	4483.263
47.10796	-88.542602	261.135	4501.504
47.107867	-88.54236	256.329	4525.324
47.10794	-88.542331	252.964	4533.565
47.108105	-88.542325	248.158	4552.185
47.108107	-88.542072	245.273	4573.683
47.108027	-88.541918	246.715	4588.455
47.107948	-88.541979	247.677	4597.744
47.10783	-88.541978	249.119	4611.324
47.107691	-88.541694	251.522	4638.965
47.107617	-88.541536	252.964	4653.814
47.1075	-88.541352	252.964	4673.309
47.107421	-88.5411	248.638	4694.404
47.107377	-88.541008	245.754	4702.859
47.107325	-88.54075	239.986	4723.996
47.107226	-88.540873	241.428	4741.842
47.107173	-88.540982	246.715	4749.657
47.107187	-88.541098	251.041	4758.389
47.107215	-88.541222	252.003	4768.291
47.107209	-88.54128	252.964	4772.784
47.107227	-88.541375	253.925	4780.254
47.107279	-88.541513	254.887	4792.421
47.107266	-88.541642	260.655	4802.271
47.107313	-88.541827	254.406	4817.318
47.107413	-88.541989	248.158	4833.977
47.107533	-88.542072	243.832	4848.633
47.107595	-88.542177	243.351	4859.251
47.107618	-88.542385	244.793	4875.475
47.107726	-88.542621	240.467	4896.679
47.10769	-88.542599	244.793	4896.679
47.107562	-88.54251	252.964	4911.659
47.10756	-88.542509	252.483	4913.016
47.107534	-88.542579	252.964	4919.546
47.107541	-88.542718	253.925	4929.877
47.107566	-88.542785	256.329	4935.634
47.107545	-88.542886	260.174	4943.904
47.107568	-88.543058	261.135	4957.641
47.107588	-88.543251	257.771	4972.062
47.107563	-88.543454	254.406	4987.094
47.107508	-88.543606	252.964	5000.684
47.107496	-88.543634	253.925	5003.285
47.107407	-88.543869	258.732	5022.023
47.107487	-88.544098	259.213	5041.735
47.107484	-88.54423	262.097	5051.285
47.107449	-88.544378	267.384	5062.693
47.107445	-88.544565	264.019	5076.693
47.107448	-88.544757	262.577	5091.374
47.107453	-88.544889	264.5	5101.172
47.107453	-88.544906	264.981	5102.367
47.107477	-88.545123	261.616	5119.28
47.107523	-88.545308	258.732	5134.019
47.1075	-88.545484	261.135	5147.316
47.107539	-88.545672	259.693	5162.258
47.107571	-88.545797	262.097	5172.375
47.107616	-88.545898	263.058	5181.451
47.10765	-88.546027	265.461	5192.221
47.10763	-88.546184	267.865	5204.414
47.10757	-88.546288	270.268	5214.78
47.107425	-88.546354	273.632	5231.854
47.107409	-88.546415	273.152	5235.994
47.107254	-88.546455	277.958	5253.867
47.107231	-88.546473	277.958	5256.609
47.107104	-88.546555	277.478	5272.05
47.10704	-88.546611	279.881	5279.394
47.10695	-88.54665	284.207	5288.982
47.106849	-88.54682	285.649	5305.673
47.106768	-88.547036	289.494	5323.999
47.106713	-88.547106	290.456	5331.849
47.106636	-88.547248	285.649	5345.223
47.10657	-88.547411	279.881	5360.397
47.106489	-88.547549	277.478	5373.908
47.106465	-88.547732	277.478	5388.218
47.106437	-88.547848	284.207	5396.79
47.106466	-88.547909	282.765	5402.447
47.106573	-88.548007	277.958	5416.603
47.106594	-88.548115	282.765	5425.104
47.106696	-88.548321	267.865	5443.453
47.106688	-88.548378	273.632	5448.383
47.106673	-88.548391	275.074	5448.586
47.1066	-88.548521	285.168	5458.503
47.106566	-88.548688	289.014	5471.282
47.106508	-88.548829	294.301	5483.215
47.106528	-88.548978	294.781	5494.824
47.106539	-88.549	294.301	5496.838
47.106533	-88.549186	296.224	5511.281
47.106561	-88.549289	296.224	5519.715
47.106531	-88.549487	298.146	5535.249
47.106541	-88.549563	296.704	5541.249
47.106619	-88.549814	287.571	5561.813
47.106585	-88.54999	286.61	5575.608
47.106582	-88.55013	289.494	5586.013
47.106589	-88.550158	289.014	5588.289
47.106676	-88.550326	285.649	5604.257
47.10671	-88.550376	285.649	5609.551
47.106801	-88.550532	285.649	5625.212
47.106855	-88.550664	284.688	5636.914
47.106801	-88.550856	287.091	5652.698
47.106781	-88.551022	290.456	5665.62
47.106795	-88.551192	289.494	5678.882
47.106761	-88.551376	289.494	5692.884
47.10672	-88.55156	289.975	5707.386
47.106668	-88.551787	291.897	5725.106
47.106653	-88.551961	295.743	5737.751
47.106759	-88.552056	295.262	5751.662
47.1069	-88.552156	291.417	5769.069
47.107044	-88.552196	289.014	5785.387
47.107163	-88.552277	289.494	5799.939
47.107292	-88.552339	289.494	5815.03
47.107426	-88.552385	288.533	5830.292
47.107492	-88.552377	287.091	5837.466
47.107506	-88.552376	288.052	5839.104
47.107492	-88.552369	301.511	5846.292
47.107437	-88.552295	307.279	5857.213
47.107311	-88.552332	307.279	5871.64
47.107272	-88.552371	304.875	5876.434
47.107111	-88.552308	310.162	5895.085
47.106993	-88.552272	309.682	5908.613
47.106863	-88.552204	313.047	5923.907
47.106704	-88.552147	313.527	5942.173
47.10659	-88.551949	317.372	5961.597
47.106608	-88.551783	315.45	5974.436
47.106653	-88.551602	312.566	5989.139
47.106652	-88.551319	308.24	6010.792
47.106684	-88.55111	303.433	6027.118
47.106736	-88.550887	301.03	6044.981
47.106833	-88.550678	297.185	6064.854
47.106709	-88.550454	298.146	6086.286
47.106596	-88.550255	295.743	6105.862
47.106566	-88.549971	293.339	6128.475
47.106566	-88.549705	289.975	6149.243
47.10657	-88.549367	288.533	6175.038
47.106526	-88.549036	290.456	6200.983
47.106498	-88.548792	290.456	6220.082
47.106505	-88.548711	290.936	6226.262
47.106509	-88.548573	292.378	6236.596
47.106578	-88.548382	289.494	6254.523
47.106667	-88.548475	290.936	6267.016
47.106691	-88.548496	291.897	6270.051
47.106822	-88.54857	289.494	6285.717
47.106957	-88.548561	286.61	6300.729
47.107039	-88.54854	285.168	6310.131
47.10722	-88.548554	282.765	6330.191
47.107289	-88.548429	280.842	6342.823
47.107416	-88.548277	278.439	6361.482
47.107505	-88.548255	278.439	6371.482
47.107611	-88.548093	277.958	6389.369
47.107632	-88.547893	277.958	6405.021
47.107662	-88.547763	277.958	6415.377
47.107755	-88.547497	277.478	6438.196
47.107933	-88.547363	276.997	6460.784
47.107993	-88.547349	275.555	6467.496
47.108127	-88.547324	272.19	6482.565
47.108289	-88.547126	272.19	6507.695
47.108283	-88.547054	272.671	6512.611
47.10829	-88.546906	272.671	6523.431
47.108394	-88.546621	270.268	6548.095
47.108439	-88.546425	270.748	6564.367
47.108385	-88.546206	272.19	6581.857
47.108281	-88.545901	275.555	6610.087
47.108412	-88.545931	272.19	6624.856
47.10851	-88.545876	272.671	6636.927
47.108469	-88.54566	272.671	6655.113
47.108459	-88.545307	267.384	6685.798
47.1085	-88.545141	266.903	6699.285
47.108678	-88.544758	264.019	6734.752
47.108827	-88.544644	263.539	6753.623
47.108924	-88.54461	263.058	6764.611
47.109046	-88.544537	262.097	6779.209
47.109235	-88.544413	258.732	6802.599
47.109381	-88.54417	258.251	6827.101
47.109357	-88.543977	257.771	6842.22
47.109344	-88.543835	258.251	6853.043
47.10942	-88.543573	256.809	6875.038
47.109615	-88.543577	254.887	6897.405
47.109732	-88.543646	253.925	6911.373
47.109876	-88.543645	253.445	6927.412
47.109986	-88.543555	255.367	6941.574
47.110015	-88.543528	254.887	6945.485
47.11018	-88.543583	252.964	6965.283
47.110208	-88.543604	252.964	6968.729
47.110346	-88.543703	252.964	6985.792
47.11046	-88.543723	252.483	6998.975
47.110504	-88.543538	257.29	7014.918
47.110511	-88.543333	261.135	7030.625
47.110555	-88.543131	262.097	7046.77
47.110615	-88.542947	263.058	7062.231
47.110516	-88.542839	265.461	7076.372
47.110416	-88.542551	270.748	7101.242
47.110398	-88.54251	271.229	7104.833
47.11034	-88.542607	267.865	7117.087
47.110326	-88.542637	268.826	7118.227
47.110316	-88.542809	268.826	7136.555
47.110147	-88.542865	272.671	7155.156
47.110122	-88.542978	272.671	7163.973
47.110092	-88.543046	274.113	7169.38
47.109937	-88.54298	279.881	7185.993
47.109857	-88.543159	276.036	7202.556
47.10981	-88.543207	276.516	7208.038
47.109745	-88.542981	277.958	7227.663
47.109747	-88.542822	275.074	7239.949
47.10967	-88.542938	275.074	7252.458
47.109515	-88.542741	271.229	7281.25
47.10963	-88.542521	268.345	7302.331
47.109641	-88.542483	267.865	7305.381
47.109714	-88.542294	266.422	7322.73
47.109758	-88.54224	264.981	7329.068
47.109727	-88.542042	264.981	7345.562
47.109651	-88.541697	262.097	7373.472
47.109737	-88.541443	258.251	7395.972
47.109877	-88.541428	252.483	7411.981
47.109949	-88.541572	251.522	7425.304
47.109882	-88.541727	257.771	7438.564
47.109873	-88.541727	258.732	7438.733
47.109941	-88.541854	260.174	7451.355
47.110044	-88.541787	259.693	7464.98
47.110116	-88.54155	260.655	7484.805
47.110115	-88.541493	261.135	7489.083
47.110018	-88.541287	269.787	7507.286
47.110009	-88.541238	269.307	7511.223
47.109988	-88.540989	270.268	7530.232
47.109937	-88.540778	277.478	7547.218
47.109931	-88.540731	277.478	7550.903
47.10988	-88.540573	274.594	7564.146
47.109816	-88.540334	272.19	7583.802
47.109696	-88.540202	266.903	7604.869
47.109658	-88.540222	266.903	7609.352
47.109601	-88.540273	266.903	7616.829
47.109568	-88.540445	265.461	7630.58
47.109501	-88.540728	264.981	7653.179
47.10948	-88.540834	264.981	7661.19
47.10946	-88.540611	267.384	7677.509
47.109452	-88.54055	267.384	7682.21
47.109414	-88.54036	269.307	7696.597
47.109241	-88.540124	274.594	7722.197
47.109174	-88.539957	271.71	7736.728
47.108834	-88.539665	271.71	7780.359
47.108611	-88.539519	267.384	7807.588
47.108448	-88.539265	262.097	7834.295
47.108377	-88.539003	261.135	7855.554
47.108279	-88.538976	261.135	7868.709
47.10805	-88.538999	259.213	7896.497
47.10798	-88.538971	259.213	7904.602
47.107866	-88.538949	258.251	7917.383
47.107651	-88.53892	256.329	7941.559
47.107525	-88.538811	257.771	7957.763
47.107423	-88.538709	253.925	7972.166
47.107354	-88.538624	252.483	7981.323
47.107216	-88.538438	249.119	8002.029
47.107076	-88.53824	246.715	8023.605
47.107051	-88.537967	246.235	8045.673
47.107035	-88.537873	248.158	8052.708
47.10701	-88.537828	248.638	8057.413
47.107001	-88.537889	250.08	8062.272
47.106942	-88.537944	251.041	8069.36
47.10672	-88.537995	255.367	8092.39
47.106494	-88.537782	260.174	8119.629
47.106326	-88.537622	263.539	8141.793
47.106125	-88.537416	261.616	8169.005
47.106099	-88.53739	261.135	8172.464
47.105962	-88.53729	255.848	8189.431
47.105748	-88.53717	252.964	8214.953
47.105642	-88.537108	248.638	8227.765
47.105572	-88.536858	241.909	8248.475
47.105555	-88.536853	239.986	8250.367
47.105404	-88.53695	229.892	8270.298
47.105466	-88.53724	222.202	8292.235
47.105399	-88.537388	221.241	8302.386
47.105366	-88.53748	224.605	8308.588
47.105342	-88.537671	225.086	8323.548
47.10537	-88.537882	223.163	8339.761
47.105331	-88.538042	225.086	8351.381
47.105288	-88.538173	230.373	8359.035
47.105345	-88.53832	231.334	8371.787
47.105381	-88.538531	229.412	8389.451
47.10537	-88.538698	232.776	8402.023
47.105433	-88.538741	232.296	8409.76
47.105522	-88.538914	233.257	8426.65
47.10558	-88.53911	231.334	8442.978
47.105596	-88.539347	229.412	8461.169
47.105595	-88.539519	228.45	8474.129
47.105642	-88.539709	225.567	8489.661
47.105578	-88.539682	225.567	8489.933
47.105504	-88.53964	226.528	8498.589
47.105359	-88.53948	233.257	8517.32
47.105259	-88.53933	239.025	8533.371
47.105131	-88.539206	244.793	8550.158
47.105085	-88.539199	246.715	8555.233
47.105029	-88.539353	249.119	8567.175
47.105035	-88.539496	252.483	8577.52
47.105054	-88.539686	251.522	8592.042
47.105055	-88.539846	252.003	8604.171
47.105127	-88.540051	249.119	8621.776
47.10516	-88.540224	247.196	8635.347
47.105152	-88.54041	245.273	8649.433
47.105161	-88.54064	240.467	8666.855
47.105181	-88.540848	239.986	8682.805
47.105205	-88.541028	240.948	8697.018
47.10523	-88.541188	242.39	8709.676
47.105212	-88.541305	244.312	8718.918
47.105169	-88.541406	248.638	8726.54
47.105284	-88.541588	247.196	8745.533
47.105349	-88.541676	250.08	8755.295
47.105424	-88.541842	248.158	8770.467
47.105499	-88.542009	246.235	8785.637
47.105577	-88.54218	245.754	8801.306
47.105607	-88.542345	247.196	8814.38
47.105616	-88.542505	248.638	8826.511
47.105632	-88.542707	248.638	8841.412
47.105591	-88.542903	250.08	8856.421
47.105598	-88.543065	251.041	8868.437
47.105619	-88.543268	251.522	8884.198
47.105583	-88.543369	256.809	8891.25
47.105607	-88.543563	255.848	8906.306
47.105611	-88.543705	257.29	8917.17
47.105581	-88.543837	255.848	8927.524
47.105519	-88.543887	256.809	8932.969
47.105396	-88.543997	261.616	8948.805
47.105316	-88.544163	262.577	8964.361
47.105275	-88.544338	260.655	8978.462
47.105268	-88.544468	262.097	8988.674
47.105266	-88.544665	262.097	9003.561
47.1053	-88.544863	261.135	9019.165
47.105317	-88.545041	263.058	9032.786
47.105362	-88.545254	260.655	9049.672
47.105384	-88.545435	259.213	9064.022
47.105331	-88.545523	262.097	9071.457
47.105307	-88.545541	264.5	9073.2
47.105324	-88.545772	262.097	9091.129
47.105305	-88.545929	262.097	9103.147
47.105287	-88.546071	263.058	9114.312
47.1053	-88.546108	263.539	9117.313
47.105349	-88.546226	265.942	9128.27
47.105358	-88.546396	267.865	9141.297
47.105361	-88.546555	269.307	9153.522
47.105455	-88.546639	268.345	9165.958
47.105501	-88.546654	268.345	9171
47.105607	-88.546744	266.903	9184.67
47.105644	-88.546922	267.384	9199.27
47.105664	-88.547088	267.384	9212.067
47.105687	-88.547221	268.826	9222.639
47.105696	-88.547417	271.229	9237.613
47.105686	-88.547577	272.19	9249.723
47.105681	-88.547753	275.074	9263.146
47.10564	-88.547919	277.478	9276.485
47.1056	-88.548069	279.881	9288.336
47.10559	-88.548277	277.958	9304.591
47.105562	-88.548457	275.555	9318.575
47.10542	-88.548663	270.748	9341.655
47.105401	-88.548773	268.826	9350.235
47.105462	-88.549011	269.307	9369.454
47.105492	-88.54922	269.307	9385.561
47.105489	-88.549372	271.229	9396.767
47.105501	-88.549552	273.152	9410.564
47.105478	-88.549627	275.074	9415.943
47.105558	-88.549734	276.516	9428.011
47.105648	-88.549824	276.997	9440.172
47.105735	-88.54991	278.92	9451.9
47.105749	-88.549931	279.4	9454.133
47.105752	-88.550145	285.649	9470.634
47.105753	-88.550221	285.649	9476.607
47.105655	-88.550408	288.533	9494.573
47.105635	-88.550432	289.494	9497.393
47.105625	-88.550482	290.456	9501.232
47.105705	-88.550485	292.378	9514.27
47.105807	-88.550384	294.301	9528.054
47.105851	-88.550296	296.704	9536.318
47.105881	-88.550233	297.185	9542.131
47.10599	-88.55003	295.262	9561.736
47.106007	-88.549824	296.704	9577.688
47.106017	-88.549762	295.743	9582.535
47.106025	-88.549517	295.262	9601.621
47.106033	-88.549418	293.82	9609.091
47.10622	-88.549431	289.014	9630.987
47.106267	-88.549473	289.014	9637.066
47.106308	-88.549502	289.975	9642.104
47.106347	-88.549597	291.417	9650.436
47.106418	-88.549838	294.301	9670.33
47.106435	-88.54991	294.781	9676.124
47.106411	-88.550013	295.743	9684.16
47.106335	-88.550126	294.301	9695.899
47.106394	-88.550169	293.339	9703.312
47.106468	-88.550383	290.936	9721.586
47.106533	-88.550623	288.533	9741.128
47.10656	-88.550796	288.533	9754.739
47.106539	-88.551036	289.014	9773.349
47.106463	-88.55128	288.533	9793.213
47.106388	-88.55145	288.052	9807.456
47.10632	-88.551541	286.61	9817.242
47.106314	-88.55158	286.13	9819.262
47.106416	-88.551664	288.052	9832.33
47.106533	-88.551793	289.014	9849.024
47.106582	-88.55205	290.936	9868.974
47.106725	-88.552111	289.494	9885.436
47.10689	-88.552196	288.533	9905.077
47.107019	-88.552226	287.571	9919.521
47.107136	-88.552284	288.533	9933.311
47.107259	-88.552328	289.494	9947.432
47.107326	-88.552338	289.014	9954.779
47.107363	-88.552188	289.014	9968.241
47.107361	-88.552157	289.494	9970.579
47.107375	-88.551954	291.417	9986.241
47.107378	-88.551769	291.897	10000.338
47.107368	-88.551591	296.704	10013.797
47.107369	-88.551415	297.185	10027.125
47.107425	-88.551213	294.301	10044.009
47.107522	-88.551063	291.417	10059.664
47.107642	-88.550939	288.533	10076.093
47.107762	-88.550938	287.571	10089.498
47.107825	-88.55093	287.571	10097.658
47.107844	-88.550951	287.091	10102.568
47.107915	-88.55102	280.842	10114.481
