%"Collected By Brett Hamlin Oct 05, 2009, Houghton, MI"			
%Latitude	Longitude	Elivation (m)	Distrnce (m)
47.103451	-88.517795	201.634	0
47.10346	-88.517778	202.245	2.525
47.103481	-88.517867	191.025	3.211
47.10347	-88.517844	191.404	4.743
47.103463	-88.517832	191.104	5.77
47.10346	-88.517833	192.294	6.388
47.103382	-88.517834	193.375	14.919
47.103218	-88.51786	194.905	33.301
47.103084	-88.517892	197.476	48.466
47.10299	-88.517973	197.904	60.701
47.102892	-88.518172	198.924	79.497
47.102759	-88.518344	202.397	99.271
47.102749	-88.518387	204.416	102.882
47.102769	-88.518402	205.046	105.307
47.102821	-88.518532	205.405	117.055
47.102902	-88.518786	208.266	138.463
47.102929	-88.518936	212.117	150.475
47.102922	-88.519118	215.837	164.35
47.102926	-88.519306	215.055	178.823
47.102913	-88.519539	213.855	196.691
47.102863	-88.51966	211.964	207.282
47.102859	-88.519816	211.444	219.882
47.102924	-88.520081	210.334	241.294
47.103017	-88.520264	209.494	258.853
47.103087	-88.520369	208.564	269.994
47.103223	-88.520385	208.423	285.455
47.103263	-88.520402	208.193	289.948
47.1034	-88.520611	208.424	312.448
47.10339	-88.520815	209.004	328.348
47.103335	-88.521042	209.825	346.945
47.10339	-88.521228	210.044	362.435
47.103414	-88.521435	210.474	378.442
47.103418	-88.521482	210.605	382.055
47.10348	-88.521788	209.973	406.324
47.103507	-88.522048	210.073	426.307
47.103462	-88.522275	208.842	444.261
47.103439	-88.522544	206.732	464.899
47.103467	-88.522796	203.61	484.64
47.103444	-88.522949	201.301	498.449
47.103389	-88.52287	201.002	507.204
47.103299	-88.522811	199.762	519.614
47.103213	-88.522977	200.113	535.52
47.103197	-88.523146	200.773	548.662
47.103259	-88.523344	201.223	565.405
47.103275	-88.523362	201.753	567.246
47.10331	-88.523382	203.333	571.478
47.103311	-88.523381	203.323	571.693
47.103354	-88.523434	203.093	579.793
47.103341	-88.523455	202.872	581.917
47.103282	-88.523552	202.742	591.854
47.103305	-88.523753	203.143	607.484
47.103303	-88.523798	203.013	610.944
47.103281	-88.52405	206.114	630.255
47.103217	-88.524179	204.603	642.509
47.103126	-88.524374	205.873	660.442
47.103045	-88.524537	205.733	675.888
47.102979	-88.524662	206.164	687.874
47.102923	-88.524742	206.654	696.775
47.102902	-88.52485	207.594	705.361
47.102846	-88.524961	208.244	715.837
47.102752	-88.524948	208.204	727.544
47.102676	-88.524876	208.614	737.784
47.102607	-88.524983	209.094	749.088
47.102545	-88.525093	209.904	760.438
47.102486	-88.525178	210.253	770.11
47.102495	-88.525324	210.173	781.246
47.102495	-88.525378	208.361	785.303
47.102544	-88.525395	208.962	791.801
47.102592	-88.525397	208.842	797.164
47.102643	-88.525413	208.902	802.923
47.102704	-88.525578	207.951	817.481
47.102744	-88.525927	204.321	844.412
47.102795	-88.526191	204.972	865.197
47.102796	-88.52622	205.542	867.297
47.102782	-88.526248	208.013	869.871
47.102764	-88.526381	208.823	880.229
47.102749	-88.526497	207.552	889.26
47.102706	-88.526623	209.083	899.864
47.102688	-88.526809	209.472	914.177
47.102676	-88.526848	208.981	917.422
47.102631	-88.526971	208.552	928.002
47.102609	-88.527033	209.592	933.365
47.102592	-88.527184	210.642	944.629
47.102588	-88.527221	211.381	947.57
47.1026	-88.527336	212.721	956.453
47.102585	-88.527421	211.192	962.914
47.102588	-88.527488	211.042	968.042
47.102581	-88.527548	211.852	972.732
47.102556	-88.527628	210.891	978.996
47.102524	-88.527703	210.281	985.122
47.102514	-88.527755	211.302	989.246
47.102516	-88.527782	210.981	991.03
47.102516	-88.527796	211.201	991.903
47.102539	-88.527859	213.082	997.385
47.102551	-88.527932	214.862	1003.071
47.102533	-88.527998	214.461	1008.398
47.102531	-88.528053	213.481	1012.274
47.102519	-88.528133	214.531	1018.36
47.102517	-88.528152	215.452	1019.806
47.102514	-88.528189	216.571	1022.597
47.102534	-88.528296	214.94	1031.284
47.10253	-88.528345	215.601	1034.97
47.102528	-88.528412	215.601	1039.856
47.102589	-88.528521	216.971	1050.596
47.102634	-88.528648	217.601	1061.452
47.102588	-88.528755	215.921	1070.635
47.102508	-88.528822	215.101	1080.915
47.10249	-88.528871	216.692	1085.084
47.102467	-88.528971	216.411	1092.712
47.102484	-88.529074	216.961	1099.689
47.102502	-88.529122	217.301	1103.541
47.102542	-88.52927	217.621	1115.594
47.102634	-88.529543	216.85	1138.688
47.102678	-88.529723	215.92	1153.542
47.102674	-88.529929	215.19	1169.118
47.102652	-88.530068	216.41	1179.901
47.102638	-88.530126	218.611	1184.298
47.102611	-88.530165	219.731	1188.528
47.102582	-88.530312	222.002	1200.396
47.102566	-88.530402	221.181	1207.162
47.102456	-88.530557	217.13	1225.344
47.102436	-88.530564	216.72	1227.591
47.102364	-88.530604	215.92	1235.817
47.102311	-88.530602	214.88	1241.705
47.102206	-88.530583	215.221	1253.116
47.102059	-88.530489	215.69	1270.834
47.102015	-88.530371	217.271	1281.225
47.101981	-88.530201	217.85	1294.863
47.101883	-88.5301	218.67	1308.487
47.101754	-88.530114	220.481	1322.826
47.101631	-88.530201	223.301	1338.125
47.101528	-88.530295	225.681	1351.824
47.101463	-88.530417	226.661	1363.589
47.101366	-88.530489	227.791	1375.694
47.10124	-88.530557	229.491	1390.592
47.10112	-88.530648	231.031	1405.817
47.100996	-88.53088	227.55	1428.414
47.100939	-88.531218	226.269	1454.855
47.100901	-88.531467	226.479	1474.214
47.100912	-88.531725	227.61	1493.921
47.100886	-88.531899	226.809	1507.488
47.100903	-88.532145	226.479	1526.255
47.100896	-88.532615	225.78	1562.014
47.100953	-88.533	228.26	1591.929
47.100986	-88.533285	231.421	1613.834
47.100981	-88.533505	233.061	1630.604
47.10094	-88.533763	234.14	1650.812
47.10084	-88.534042	232.74	1674.731
47.10075	-88.534295	231.019	1696.351
47.100635	-88.534555	228.278	1719.916
47.100502	-88.534815	226.488	1744.567
47.100403	-88.535069	226.148	1766.879
47.100353	-88.535282	226.418	1783.977
47.100292	-88.535514	226.728	1802.891
47.100285	-88.535861	227.528	1829.391
47.100304	-88.53592	227.598	1834.278
47.10039	-88.5362	228.628	1857.898
47.100403	-88.536251	228.337	1861.994
47.100461	-88.536505	228.707	1882.383
47.100503	-88.53663	227.397	1893.007
47.100593	-88.536642	226.999	1903.375
47.100616	-88.536634	226.898	1905.949
47.100671	-88.536624	226.118	1912.046
47.100757	-88.536512	225.628	1924.813
47.100865	-88.536412	227.62	1939.082
47.100988	-88.536352	230.699	1953.714
47.101107	-88.536336	231.729	1966.955
47.101211	-88.536421	231.719	1979.643
47.101311	-88.536396	232.729	1990.896
47.101342	-88.536385	233.349	1994.428
47.101408	-88.536367	234.13	2001.839
47.101497	-88.536387	235.479	2011.741
47.101624	-88.536458	235.279	2026.566
47.101739	-88.536332	236.039	2042.33
47.101743	-88.536147	235.189	2056.217
47.101685	-88.536041	233.448	2066.943
47.101639	-88.536009	231.797	2072.601
47.101586	-88.53597	231.017	2079.207
47.101519	-88.535804	230.548	2094.098
47.101501	-88.53569	230.498	2103.678
47.101524	-88.53562	228.667	2109.55
47.101522	-88.535579	228.098	2113.025
47.101568	-88.535486	228.008	2121.787
47.10157	-88.535341	226.377	2132.771
47.101605	-88.535124	224.627	2149.747
47.101668	-88.535163	223.538	2159.121
47.101751	-88.535185	223.728	2171.507
47.1018	-88.535116	223.048	2179.092
47.101944	-88.534977	223.148	2198.516
47.10201	-88.53495	222.888	2206.091
47.102094	-88.535047	222.938	2218.258
47.102104	-88.535235	223.019	2232.544
47.102112	-88.535437	224.109	2247.825
47.10214	-88.535623	224.639	2262.336
47.102155	-88.535834	225.559	2278.475
47.102157	-88.535966	224.949	2288.437
47.102205	-88.536104	222.938	2300.407
47.102316	-88.536138	222.228	2313.382
47.102374	-88.536226	221.848	2323.055
47.10241	-88.536408	221.808	2337.416
47.102437	-88.536604	221.668	2352.476
47.102525	-88.536631	224.269	2365.38
47.102558	-88.536591	224.449	2370.042
47.102593	-88.536536	224.55	2375.766
47.102691	-88.536558	225.019	2387.546
47.10282	-88.536643	226.539	2403.281
47.102872	-88.536637	226.619	2409.036
47.102912	-88.536499	224.278	2420.964
47.102934	-88.536301	222.057	2436.099
47.102895	-88.536169	221.618	2446.951
47.102861	-88.536063	222.999	2456.228
47.102902	-88.535954	222.589	2465.952
47.10294	-88.535995	223.419	2471.724
47.102985	-88.536194	224.259	2487.791
47.103095	-88.536399	225.419	2507.614
47.103126	-88.536549	226.259	2519.47
47.103202	-88.536651	226.259	2531.426
47.103343	-88.53667	225.859	2547.532
47.103419	-88.536657	227.039	2556.022
47.103518	-88.536545	227.258	2569.898
47.103639	-88.536358	224.507	2589.404
47.10369	-88.536149	222.107	2606.427
47.103701	-88.536056	221.637	2613.717
47.103723	-88.535957	222.558	2621.552
47.103794	-88.535908	223.389	2630.383
47.103809	-88.535911	223.489	2631.974
47.103846	-88.536015	225.8	2640.852
47.103919	-88.536211	228.369	2657.714
47.10395	-88.536299	229.199	2665.218
47.104023	-88.536364	228.229	2675.086
47.104037	-88.536359	228.089	2676.668
47.104091	-88.536348	229.129	2682.624
47.104156	-88.536331	223.218	2690.138
47.104206	-88.536304	223.168	2696.062
47.104288	-88.536367	224.449	2706.526
47.104353	-88.536393	225.79	2714.289
47.104457	-88.536399	225.739	2726.362
47.104487	-88.536537	226.259	2737.767
47.104518	-88.536683	227.389	2750.028
47.104583	-88.536638	229.03	2758.447
47.104602	-88.536593	229.23	2762.395
47.104649	-88.5365	227.769	2771.09
47.104831	-88.536469	225.138	2791.898
47.104984	-88.536509	224.458	2809.165
47.10502	-88.536556	224.458	2814.474
47.105163	-88.536794	223.748	2838.667
47.105169	-88.536909	224.479	2847.337
47.105131	-88.537154	224.029	2866.535
47.105222	-88.537354	222.168	2884.869
47.105265	-88.537512	223.019	2897.748
47.105243	-88.537688	223.099	2911.482
47.105182	-88.537884	224.99	2927.937
47.105206	-88.538061	226.189	2941.901
47.105257	-88.538231	228.129	2955.968
47.105339	-88.538346	227.848	2968.675
47.105338	-88.538501	227.978	2980.533
47.105391	-88.538699	229.548	2996.939
47.10549	-88.538848	229.838	3013.239
47.105548	-88.539003	230.748	3026.6
47.105561	-88.539174	232.42	3039.728
47.105542	-88.539328	234.149	3051.656
47.105542	-88.539481	236.399	3063.296
47.105503	-88.539547	238.199	3069.729
47.105443	-88.539549	237.659	3076.226
47.105342	-88.539466	238.379	3089.429
47.105272	-88.53935	238.779	3101.157
47.105191	-88.53926	239.399	3112.517
47.105105	-88.539144	239.999	3125.567
47.105046	-88.53919	240.6	3133.558
47.105052	-88.539371	239.369	3147.353
47.105068	-88.539448	238.138	3153.351
47.105102	-88.539673	236.507	3171.255
47.105098	-88.539826	235.887	3183.04
47.105143	-88.540002	233.767	3197.22
47.105171	-88.540226	234.338	3214.61
47.105162	-88.540416	234.958	3229.076
47.105163	-88.540448	234.608	3231.46
47.105134	-88.540649	235.208	3246.921
47.105163	-88.540848	236.258	3262.366
47.105184	-88.541043	239.298	3277.336
47.105182	-88.541286	240.988	3295.67
47.105199	-88.541441	241.898	3307.585
47.105274	-88.541538	242.328	3318.599
47.105383	-88.541681	242.928	3334.897
47.105452	-88.541876	244.708	3351.605
47.105541	-88.542096	246.768	3371.019
47.10559	-88.54224	246.388	3383.243
47.105601	-88.542342	248.888	3391.079
47.105589	-88.542483	248.668	3401.354
47.105557	-88.542574	249.788	3409.178
47.105532	-88.542714	252.279	3420.152
47.105532	-88.54285	252.048	3430.52
47.105544	-88.54296	252.427	3438.964
47.10561	-88.543212	253.598	3459.392
47.105615	-88.54334	257.278	3469.194
47.105612	-88.543432	260.239	3476.074
47.105591	-88.543515	262.249	3482.848
47.105561	-88.543683	262.018	3495.931
47.105542	-88.543738	259.397	3498.47
47.105501	-88.543785	257.967	3503.787
47.105416	-88.543855	256.736	3514.408
47.105344	-88.54403	257.207	3529.964
47.10531	-88.544208	256.056	3544.002
47.105281	-88.544399	256.826	3558.86
47.105279	-88.544562	257.236	3571.283
47.105269	-88.544699	258.736	3581.729
47.105309	-88.544893	259.986	3597.111
47.105337	-88.54505	261.437	3609.41
47.105341	-88.54507	262.317	3611.032
47.105348	-88.545222	262.607	3623.104
47.105348	-88.54537	260.858	3634.145
47.105319	-88.545453	262.767	3641.251
47.105289	-88.545561	265.527	3650.18
47.105284	-88.545665	269.168	3658.081
47.105262	-88.545774	268.246	3666.529
47.105232	-88.545936	266.035	3679.319
47.105236	-88.545986	266.916	3683.05
47.105274	-88.546063	269.137	3690.105
47.105319	-88.546204	271.256	3702.462
47.105317	-88.546329	270.936	3711.788
47.105326	-88.546493	270.975	3724.71
47.105399	-88.546592	271.816	3735.993
47.105513	-88.546667	274.447	3749.917
47.105566	-88.546729	275.086	3757.623
47.105595	-88.546879	276.226	3769.352
47.105621	-88.547043	276.526	3782.043
47.10566	-88.547188	278.226	3793.838
47.105641	-88.547387	277.845	3808.98
47.105646	-88.547458	277.705	3814.347
47.105641	-88.547632	278.715	3827.599
47.105604	-88.547875	278.795	3846.586
47.105597	-88.54799	282.166	3855.335
47.10558	-88.548118	282.016	3865.037
47.105514	-88.548298	281.066	3880.24
47.105407	-88.548469	281.175	3897.942
47.105385	-88.548523	282.486	3902.639
47.1054	-88.548668	284.306	3913.72
47.105411	-88.548921	288.126	3932.931
47.105401	-88.549108	289.466	3947.418
47.105406	-88.549146	289.186	3950.364
47.105405	-88.54936	286.705	3966.067
47.105427	-88.549527	283.735	3979.158
47.105495	-88.549605	282.614	3988.62
47.105573	-88.549694	285.676	3999.584
47.105632	-88.54976	286.375	4007.747
47.105712	-88.549845	288.555	4018.803
47.105726	-88.549986	288.335	4029.832
47.105716	-88.550128	289.315	4040.558
47.1057	-88.550156	289.715	4043.111
47.105657	-88.550205	291.096	4049.143
47.105592	-88.550402	291.396	4065.575
47.105586	-88.550428	291.595	4067.714
47.105634	-88.550522	293.216	4076.786
47.105666	-88.550505	293.256	4080.263
47.105827	-88.550387	289.775	4100.004
47.105935	-88.550214	287.744	4117.727
47.106009	-88.550088	287.595	4130.414
47.106056	-88.549928	287.364	4143.79
47.106089	-88.549659	285.533	4164.608
47.106091	-88.549465	283.493	4179.312
47.106114	-88.549383	283.043	4185.993
47.10622	-88.549497	288.096	4200.515
47.106343	-88.549587	290.276	4216.012
47.106375	-88.549788	290.475	4231.703
47.106355	-88.549848	289.544	4236.595
47.106302	-88.550006	289.604	4249.882
47.106363	-88.550107	291.054	4261.042
47.106442	-88.550236	290.774	4274.836
47.106444	-88.550276	291.005	4277.849
47.106502	-88.550549	292.905	4299.934
47.106457	-88.550731	292.544	4314.592
47.106407	-88.550915	292.785	4329.698
47.106351	-88.551119	294.926	4346.552
47.106264	-88.551307	298.416	4363.77
47.106258	-88.551347	299.556	4366.835
47.10635	-88.551552	299.526	4385.55
47.106488	-88.551633	301.885	4401.979
47.10651	-88.551653	302.555	4404.844
47.106561	-88.55183	297.995	4419.156
47.106615	-88.551976	297.475	4432.81
47.10674	-88.552024	294.714	4447.07
47.10684	-88.5521	295.615	4459.792
47.107041	-88.552157	295.444	4482.658
47.107144	-88.552221	295.415	4495.102
47.107268	-88.552312	294.064	4510.454
47.107326	-88.552368	293.154	4518.221
47.107301	-88.552429	292.694	4525.215
47.107286	-88.552415	291.994	4527.216
47.107216	-88.552355	289.473	4536.286
47.107232	-88.552292	289.854	4543.884
47.107278	-88.552322	290.364	4551.956
47.107266	-88.552277	289.914	4555.718
47.107248	-88.552283	289.323	4558.112
47.107306	-88.552397	286.243	4558.65
47.10735	-88.552568	287.104	4572.594
47.107415	-88.552657	286.584	4582.527
47.107558	-88.552825	285.924	4602.894
47.107668	-88.552844	286.564	4615.504
47.107797	-88.552819	287.754	4629.927
47.107944	-88.552785	288.594	4646.413
47.108031	-88.552819	288.864	4656.377
47.108072	-88.552957	290.434	4668.787
47.10808	-88.553158	291.714	4684.297
47.108162	-88.553268	293.834	4696.6
47.108247	-88.553226	294.855	4706.765
47.108251	-88.553149	293.945	4712.479
47.108319	-88.55315	295.365	4721.975
47.108394	-88.553247	297.055	4733.054
47.108424	-88.553197	296.825	4738.716
47.108434	-88.553106	296.254	4746.32
47.10841	-88.553018	293.933	4754.324
47.108407	-88.552937	294.554	4760.734
47.108483	-88.552901	294.435	4769.607
47.108603	-88.55283	294.336	4784.037
47.10867	-88.55292	295.165	4794.803
47.108766	-88.552953	295.134	4805.594
47.108892	-88.553157	296.074	4826.567
47.108988	-88.553373	297.125	4846.131
47.109077	-88.553514	299.586	4860.852
47.109193	-88.55356	298.695	4874.287
47.109238	-88.553464	297.454	4883.089
47.10936	-88.553365	296.534	4898.962
47.109523	-88.553357	294.553	4917.52
47.109605	-88.553349	293.923	4926.656
47.109864	-88.553361	292.754	4956.547
47.110006	-88.553525	292.874	4976.972
47.109958	-88.553703	294.085	4991.57
47.109945	-88.553829	294.124	5001.163
47.109959	-88.553974	295.085	5012.343
47.109982	-88.554084	295.204	5021.071
47.110075	-88.554286	293.503	5039.641
47.110102	-88.554341	291.913	5044.773
47.110182	-88.554624	287.492	5068.295
47.11019	-88.554811	285.182	5083.032
47.110162	-88.554887	285.874	5089.569
47.110076	-88.555022	289.276	5103.746
47.109995	-88.555122	290.675	5115.58
47.109828	-88.555179	292.506	5134.577
47.109668	-88.555214	292.034	5152.62
47.109529	-88.555179	290.363	5168.313
47.109386	-88.555197	289.973	5184.313
47.109286	-88.555168	290.003	5195.841
47.109182	-88.555046	290.304	5210.699
47.109062	-88.554956	290.594	5225.714
47.108948	-88.554872	291.774	5239.87
47.108885	-88.554754	291.153	5251.618
47.108906	-88.554611	291.144	5263.069
47.108932	-88.554541	290.824	5269.117
47.108891	-88.554345	290.003	5284.83
47.108801	-88.554198	290.823	5299.976
47.108715	-88.554102	290.803	5312.321
47.108551	-88.554091	291.023	5330.729
47.1084	-88.554116	291.824	5347.581
47.108344	-88.5541	292.034	5353.853
47.108292	-88.553916	292.944	5369.204
47.108258	-88.553828	292.754	5376.907
47.108182	-88.553813	292.904	5386.264
47.108104	-88.553862	294.225	5395.855
47.107924	-88.553847	294.103	5415.913
47.107743	-88.553811	294.054	5436.26
47.107613	-88.55375	292.823	5451.909
47.107582	-88.553753	292.983	5455.32
47.107489	-88.55375	293.944	5465.67
47.107455	-88.553635	294.644	5475.517
47.107426	-88.553502	294.884	5486.086
47.107338	-88.553269	295.764	5506.811
47.107299	-88.553143	296.304	5517.616
47.107286	-88.553011	295.193	5527.824
47.107202	-88.552898	293.483	5540.576
47.107097	-88.552922	293.223	5554.185
47.107112	-88.553095	292.393	5568.081
47.10719	-88.553204	292.784	5580.476
47.107171	-88.553376	293.594	5594.011
47.10713	-88.553477	293.934	5602.855
47.107153	-88.553536	294.975	5607.878
47.107255	-88.553756	298.605	5628.072
47.107329	-88.553847	299.205	5638.801
47.107396	-88.554051	301.026	5656.129
47.107476	-88.554209	300.034	5671.19
47.107457	-88.554393	298.693	5685.755
47.107352	-88.554547	297.663	5702.236
47.107302	-88.554666	296.843	5712.883
47.107282	-88.554883	299.973	5729.305
47.107301	-88.555037	301.434	5740.973
47.107307	-88.5552	302.084	5753.478
47.107273	-88.555383	299.393	5767.961
47.107225	-88.55557	300.274	5783.047
47.107189	-88.555758	300.234	5797.706
47.107116	-88.555857	299.123	5809.707
47.107088	-88.555867	298.743	5812.867
47.106939	-88.555945	298.563	5830.438
47.106856	-88.55603	302.005	5841.367
47.106983	-88.556044	304.236	5855.515
47.107096	-88.556067	304.104	5868.227
47.107137	-88.556059	303.444	5872.816
47.107345	-88.555918	301.342	5898.624
47.107539	-88.555692	300.883	5926.144
47.107575	-88.555624	301.004	5932.664
47.107725	-88.555606	300.843	5949.62
47.10793	-88.555543	302.235	5973.006
47.108004	-88.555532	301.934	5981.364
47.108081	-88.555694	302.664	5996.368
47.108098	-88.555712	303.215	5998.693
47.1082	-88.555873	303.374	6015.418
47.108365	-88.55594	303.844	6034.424
47.108445	-88.556014	302.953	6045.253
47.108466	-88.556054	303.092	6049.043
47.108579	-88.556245	299.471	6068.184
47.108592	-88.556339	297.241	6075.257
47.10853	-88.556473	295.421	6087.93
47.108508	-88.556499	295.141	6090.804
47.108415	-88.556494	297.513	6101.146
47.108218	-88.556473	296.243	6123.093
47.108086	-88.556459	297.004	6137.888
47.108049	-88.556362	297.374	6147.02
47.108009	-88.556347	297.823	6151.736
47.107882	-88.55634	299.214	6165.911
47.107804	-88.556275	299.694	6175.936
47.107618	-88.556307	300.603	6196.531
47.107541	-88.556418	300.943	6208.581
47.107449	-88.556447	300.883	6219.014
47.107408	-88.55642	301.033	6223.994
47.10731	-88.556279	301.354	6239.312
47.107274	-88.556213	300.853	6245.726
47.107196	-88.556229	301.743	6255.203
47.107085	-88.55634	301.773	6270.214
47.107056	-88.556351	302.343	6273.536
47.106953	-88.556352	303.754	6285.747
47.106891	-88.556272	304.684	6294.826
47.106867	-88.556181	305.044	6302.099
47.106775	-88.55601	305.594	6318.732
47.106774	-88.555883	305.413	6328.297
47.106712	-88.555632	304.713	6348.653
47.106724	-88.555575	304.182	6353.123
47.106762	-88.555457	303.192	6363.045
47.106862	-88.555244	304.553	6382.614
47.106855	-88.554979	303.603	6402.993
47.106822	-88.554834	302.323	6414.627
47.106743	-88.554651	302.283	6431.643
47.106795	-88.554508	302.483	6443.915
47.106865	-88.554277	298.991	6463.024
47.106866	-88.55423	298.241	6466.553
47.106819	-88.553929	295.661	6490.082
47.106906	-88.553638	295.812	6514.039
47.106866	-88.553539	297.422	6523.969
47.106809	-88.553519	300.233	6530.546
47.106647	-88.553444	300.193	6549.385
47.106472	-88.553401	299.924	6569.078
47.106333	-88.553429	299.384	6584.791
47.106331	-88.553528	304.374	6594.137
47.106409	-88.553624	304.905	6605.5
47.106455	-88.553913	305.574	6628.098
47.106468	-88.554188	303.482	6649.02
47.106433	-88.554325	300.562	6660.206
47.106372	-88.554486	303.022	6674.153
47.106329	-88.554617	307.053	6685.328
47.106328	-88.554757	309.144	6695.483
47.106345	-88.555079	311.153	6720.012
47.106348	-88.555325	309.603	6738.907
47.106353	-88.555529	307.131	6754.32
47.106403	-88.555738	305.651	6771.128
47.106442	-88.556194	298.489	6806.009
47.106395	-88.556421	297.769	6823.704
47.106304	-88.556638	294.979	6842.501
47.106099	-88.556676	290.899	6866.631
47.106084	-88.556565	289.76	6875.113
47.106057	-88.556357	290.38	6891.228
47.106041	-88.556272	290.521	6897.607
47.10592	-88.556029	290.51	6920.764
47.105846	-88.555886	290.701	6934.531
47.105854	-88.555704	294.103	6948.405
47.105854	-88.555676	294.413	6950.544
47.1058	-88.555538	295.623	6962.699
47.105819	-88.555398	297.103	6973.708
47.105868	-88.555338	299.924	6980.326
47.105974	-88.55532	302.034	6992.248
47.106005	-88.555273	304.334	6998.198
47.106004	-88.555192	304.384	7004.356
47.106068	-88.554715	301.002	7041.277
47.10608	-88.554667	300.712	7044.945
47.106003	-88.554634	300.392	7053.943
47.105945	-88.554635	301.423	7060.625
47.105873	-88.554601	300.993	7070.139
47.105875	-88.554366	299.872	7088.247
47.105916	-88.554151	297.792	7105.191
47.105935	-88.553842	294.621	7128.789
47.105901	-88.553503	292.211	7155.205
47.105836	-88.553073	289.77	7188.754
47.105677	-88.553009	294.483	7208.073
47.105585	-88.553012	295.513	7218.235
47.105524	-88.553002	295.563	7225.02
47.105456	-88.552997	294.123	7232.577
47.105423	-88.552986	293.563	7236.167
47.105418	-88.552978	293.183	7236.967
47.105414	-88.552877	290.122	7245.469
47.105419	-88.552845	289.492	7247.903
47.105458	-88.552544	285.872	7271.114
47.105552	-88.552409	287.433	7285.621
47.105688	-88.552147	291.294	7310.489
47.105837	-88.551972	293.594	7331.805
47.105956	-88.551716	293.044	7355.312
47.106047	-88.551616	295.195	7367.956
47.106163	-88.551475	295.724	7384.712
47.106172	-88.551481	297.194	7385.816
47.106223	-88.551555	300.075	7393.786
47.106349	-88.551615	303.025	7408.684
47.106498	-88.551684	301.715	7425.75
47.106602	-88.551552	297.544	7441.195
47.106641	-88.551362	295.134	7456.408
47.106662	-88.551267	294.454	7464.108
47.106715	-88.551009	291.543	7484.816
47.106812	-88.550758	291.783	7506.986
47.10683	-88.55064	290.953	7516.546
47.106684	-88.550369	289.382	7542.906
47.106654	-88.550324	288.953	7547.668
47.106595	-88.550214	288.312	7558.259
47.106592	-88.549902	286.613	7582.906
47.106548	-88.549652	285.483	7603.025
47.106549	-88.549411	283.503	7621.494
47.106544	-88.549216	281.782	7636.447
47.106533	-88.549022	279.412	7651.352
47.106507	-88.548748	275.772	7672.744
47.106519	-88.548661	275.552	7679.468
47.10657	-88.548271	277.253	7709.597
47.106654	-88.548064	278.764	7727.703
47.106799	-88.547917	279.074	7747.258
47.106826	-88.547824	276.483	7754.95
47.106909	-88.547442	273.332	7785.652
47.106995	-88.547254	272.342	7802.854
47.107059	-88.547085	271.663	7817.462
47.107176	-88.546978	274.924	7833.816
47.107279	-88.546944	275.544	7845.66
47.107388	-88.546849	277.805	7859.815
47.107459	-88.546823	277.926	7867.961
47.107611	-88.546716	278.406	7887.03
47.107738	-88.546556	276.145	7905.654
47.107756	-88.546518	275.105	7909.152
47.107815	-88.546262	273.464	7929.621
47.1079	-88.546053	268.743	7948.053
47.107829	-88.545807	265.142	7968.653
47.10778	-88.545591	262.923	7986.349
47.107778	-88.545347	261.653	8005.199
47.107817	-88.545091	261.334	8025.507
47.107955	-88.544945	259.774	8044.709
47.108076	-88.54496	261.304	8058.166
47.108114	-88.544902	261.474	8065.156
47.108109	-88.544756	258.784	8076.327
47.108016	-88.544607	258.524	8091.833
47.108036	-88.544409	259.445	8107.061
47.108047	-88.544315	259.014	8114.315
47.108051	-88.54412	260.335	8129.035
47.108082	-88.543976	260.286	8140.373
47.108146	-88.543782	261.106	8156.677
47.108154	-88.543722	261.606	8161.279
47.108193	-88.543622	267.658	8169.32
47.108263	-88.543546	268.717	8178.965
47.108356	-88.543426	268.807	8192.832
47.108381	-88.543209	265.766	8209.684
47.108383	-88.543155	264.986	8213.759
47.108443	-88.542834	259.025	8239.138
47.108494	-88.542752	258.135	8247.518
47.108611	-88.542632	256.666	8263.386
47.108724	-88.542454	254.335	8281.847
47.108792	-88.542299	252.654	8295.854
47.108829	-88.542122	251.314	8309.806
47.108834	-88.541957	249.864	8322.365
47.108744	-88.541685	247.274	8345.729
47.108695	-88.54153	245.264	8358.668
47.108657	-88.54102	242.553	8397.616
47.108563	-88.540877	244.065	8412.844
47.108505	-88.540747	244.237	8424.558
47.108486	-88.540641	242.656	8432.875
47.108456	-88.539982	238.286	8482.922
47.108443	-88.539779	237.646	8498.302
47.108306	-88.539534	235.636	8524.408
47.108107	-88.539442	236.656	8547.608
47.10799	-88.539433	240.508	8560.73
47.107942	-88.539439	247.119	8566.098
47.107913	-88.53945	250.62	8569.448
47.107711	-88.539462	257.361	8591.853
47.107644	-88.539461	257.449	8599.253
47.107459	-88.53933	254.768	8622.581
47.107322	-88.539212	256.128	8640.837
47.107289	-88.53922	257.169	8644.63
47.107199	-88.539222	260.349	8654.705
47.107117	-88.539019	256.237	8672.875
47.107002	-88.538833	251.667	8692.425
47.106927	-88.53875	246.166	8702.716
47.106831	-88.538566	243.936	8719.973
47.106751	-88.538407	238.905	8734.83
47.106545	-88.538106	233.814	8768.113
47.106434	-88.538116	233.776	8780.474
47.106396	-88.538124	233.316	8784.752
47.106241	-88.538085	229.456	8802.677
47.106198	-88.538014	228.556	8809.886
47.106155	-88.537822	226.646	8825.189
47.106024	-88.537656	225.637	8844.742
47.105805	-88.537592	227.878	8869.684
47.105674	-88.537645	227.778	8884.958
47.105579	-88.537766	233.68	8899.009
47.105608	-88.537882	242.312	8907.95
47.105616	-88.537976	246.593	8915.062
47.105618	-88.538244	252.972	8935.165
47.105644	-88.538455	253.641	8951.775
47.105689	-88.538569	253.051	8961.708
47.105779	-88.538804	253.63	8982.162
47.105789	-88.538865	255.47	8986.878
47.105837	-88.538945	259.04	8994.756
47.105855	-88.539038	259.31	9002.001
47.10588	-88.539262	260.059	9018.803
47.105888	-88.539483	256.958	9035.074
47.105895	-88.539665	251.356	9048.409
47.105789	-88.539693	248.686	9060.721
47.10563	-88.539622	244.837	9079.144
47.105589	-88.539629	245.358	9083.326
47.105564	-88.539647	245.428	9084.439
47.105565	-88.53952	249.796	9091.029
47.105519	-88.539606	248.987	9099.313
47.105471	-88.539724	250.588	9109.389
47.105518	-88.539809	249.918	9117.746
47.105538	-88.539856	251.749	9122.042
47.105553	-88.540017	257.81	9134.703
47.105555	-88.540126	257.509	9142.457
47.10562	-88.540239	254.608	9153.455
47.105635	-88.540277	253.758	9155.302
47.105606	-88.540245	250.967	9159.338
47.105594	-88.540071	247.716	9172.688
47.105493	-88.539922	245.056	9188.731
47.105422	-88.539642	241.425	9212.676
47.10546	-88.5395	241.936	9224.081
47.105473	-88.539284	240.576	9240.645
47.105455	-88.538943	240.936	9267.516
47.105332	-88.538726	238.776	9289.005
47.105319	-88.538502	233.865	9306.264
47.10532	-88.538369	232.875	9316.308
47.10524	-88.538276	231.005	9327.044
47.105177	-88.538091	228.835	9342.575
47.105207	-88.537794	225.365	9365.805
47.105279	-88.537444	224.545	9393.698
47.105265	-88.537222	222.936	9410.821
47.105383	-88.537025	221.837	9430.633
47.105377	-88.536844	217.655	9446.03
47.105341	-88.536717	216.055	9456.788
47.105356	-88.536542	216.696	9470.114
47.105273	-88.536266	215.737	9494.499
47.105144	-88.536106	214.427	9513.529
47.105096	-88.536111	215.797	9518.771
47.10502	-88.536223	218.959	9530.668
47.104987	-88.536251	220.559	9534.968
47.104914	-88.536302	224.92	9544.109
47.104772	-88.536319	232.282	9559.698
47.104684	-88.536242	236.735	9570.764
47.104673	-88.536208	236.601	9573.621
47.104583	-88.535976	237.081	9593.931
47.104539	-88.535704	234.249	9615.269
47.104497	-88.535487	232.738	9632.49
47.104491	-88.535298	228.427	9646.897
47.104407	-88.535156	226.187	9661.352
47.104377	-88.535144	226.647	9664.77
47.104243	-88.535159	225.608	9679.737
47.104128	-88.535311	227.009	9697.979
47.104203	-88.535316	225.008	9697.979
47.104182	-88.535386	223.408	9705.287
47.104094	-88.535463	224.349	9716.781
47.104002	-88.535575	225.559	9729.742
47.103944	-88.535598	229.951	9735.922
47.103849	-88.535509	231.711	9747.703
47.103811	-88.535365	231.21	9759.01
47.103779	-88.535188	229.839	9772.886
47.103814	-88.534956	229.019	9790.934
47.103823	-88.534475	225.948	9827.549
47.103724	-88.534182	224.068	9852.598
47.103688	-88.534057	223.418	9862.931
47.103622	-88.533854	223.588	9879.945
47.103574	-88.533735	222.198	9890.496
47.103496	-88.533486	217.987	9911.543
47.103481	-88.533356	216.146	9921.606
47.103405	-88.533021	213.536	9948.455
47.103396	-88.532866	212.866	9960.229
47.103385	-88.532717	212.206	9971.577
47.103294	-88.532353	211.067	10001.223
47.103277	-88.532281	210.608	10006.981
47.103204	-88.532082	208.347	10024.196
47.103163	-88.531725	207.758	10052.013
47.103172	-88.531644	208.058	10058.194
47.103195	-88.531517	208.108	10068.121
47.103232	-88.531421	210.179	10076.41
47.103242	-88.531163	211.669	10096.242
47.103223	-88.530908	212.949	10116.163
47.103182	-88.530583	211.528	10141.915
47.103166	-88.530272	209.218	10165.822
47.103143	-88.530232	208.258	10169.78
47.103176	-88.530274	209.978	10171.643
47.10307	-88.530224	212.85	10182.396
47.103033	-88.530246	214.31	10186.229
47.102983	-88.530307	217.241	10193.605
47.102815	-88.530231	217.22	10211.682
47.102742	-88.530254	216.149	10219.619
47.102644	-88.530203	215.25	10227.714
47.102633	-88.530205	215.6	10228.854
47.102724	-88.530174	215.179	10240.596
47.102846	-88.530176	216.48	10255.439
47.103012	-88.530168	218.791	10274.192
47.103114	-88.530139	217.41	10285.541
47.103133	-88.530104	216.59	10288.834
47.103235	-88.529977	214.729	10303.964
47.103337	-88.529962	212.889	10315.461
47.103388	-88.529934	212.419	10321.166
47.103419	-88.529793	209.608	10332.38
47.103447	-88.529577	204.287	10348.943
47.103505	-88.529328	201.478	10368.864
47.103601	-88.529251	203.369	10381.194
47.103748	-88.529201	208.822	10397.881
47.103831	-88.529135	214.552	10408.476
47.103862	-88.529083	216.092	10413.669
47.103857	-88.528915	218.772	10426.583
47.10386	-88.528774	216.551	10437.168
47.103856	-88.528739	216.291	10439.888
47.103801	-88.528618	217.181	10450.871
47.103774	-88.528569	216.461	10455.67
47.103738	-88.528424	215.14	10467.277
47.103748	-88.528262	218.281	10479.588
47.10382	-88.528094	218.551	10494.463
47.103885	-88.52805	220.051	10502.155
47.103952	-88.527913	220.151	10515.344
47.103956	-88.52778	218.75	10525.72
47.10397	-88.527454	217.67	10550.685
47.103961	-88.527411	217.53	10554.008
47.103893	-88.527221	217.481	10570.197
47.103912	-88.527086	217.121	10580.888
47.103911	-88.527022	216.651	10585.736
47.103957	-88.526652	212.96	10614.88
47.104063	-88.526368	208.379	10639.476
47.104009	-88.526273	206.929	10649.098
47.103905	-88.526136	204.669	10664.659
47.10387	-88.525951	202.809	10679.379
47.10386	-88.525858	201.91	10686.592
47.103771	-88.525719	201.6	10701.043
47.103598	-88.525613	201.49	10722.962
47.103544	-88.525637	202.021	10729.22
47.10339	-88.525746	205.343	10748.266
47.103346	-88.525926	212.736	10762.019
47.103327	-88.525987	215.455	10766.895
47.103279	-88.526144	219.957	10779.78
47.103262	-88.526166	220.186	10782.037
47.103159	-88.526174	214.571	10793.556
47.1031	-88.526311	214.702	10806.35
47.10309	-88.526381	213.671	10811.733
47.103033	-88.526648	219.253	10832.495
47.103031	-88.52668	220.993	10834.914
47.103051	-88.526952	221.492	10855.405
47.103096	-88.527178	222.032	10873.8
47.103192	-88.527296	221.381	10887.758
47.103268	-88.527371	220.362	10898.022
47.103286	-88.527386	219.791	10900.262
47.103396	-88.527546	218.621	10917.433
47.103535	-88.527683	217.501	10936.021
47.103656	-88.527763	219.542	10950.763
47.103768	-88.52785	224.374	10965.039
47.103855	-88.527932	229.825	10976.5
47.103933	-88.52804	234.094	10988.502
47.103942	-88.528052	235.094	10989.797
47.103965	-88.528094	232.493	10993.178
47.10397	-88.528125	231.702	10995.523
47.104069	-88.528121	226.89	11006.192
47.104093	-88.52814	223.11	11008.819
47.104108	-88.528165	221.78	11011.115
47.104133	-88.528179	224.081	11014.166
47.104138	-88.52826	224.431	11021.419
47.104106	-88.528372	228.373	11030.593
47.104105	-88.528352	230.402	11031.953
47.104153	-88.528257	226.15	11040.551
47.104298	-88.52816	223.03	11058.396
47.10432	-88.528165	224.02	11060.818
47.104513	-88.52829	228.541	11084.598
47.104575	-88.528336	227.151	11092.336
47.104594	-88.528336	226.471	11094.412
47.104603	-88.528362	229.242	11094.412
47.104546	-88.528271	224.13	11103.919
47.104512	-88.528078	220.51	11119.453
47.104563	-88.527828	217.51	11139.327
47.104572	-88.527584	216.59	11157.854
47.104593	-88.527398	216.7	11172.238
47.104567	-88.527183	218.651	11189.016
47.104547	-88.527022	218.031	11201.388
47.104565	-88.526686	218.151	11227.05
47.104537	-88.526334	217.061	11253.952
47.104507	-88.526208	214.931	11263.963
47.104529	-88.526087	213.971	11273.821
47.104628	-88.525926	216.543	11290.094
47.104678	-88.525866	218.333	11297.265
47.104737	-88.525774	221.203	11306.943
47.104828	-88.52553	221.683	11328.295
47.104853	-88.525482	220.772	11332.664
47.104874	-88.525399	219.251	11339.373
47.104748	-88.525328	216.24	11354.356
47.10469	-88.525277	215.39	11361.893
47.104462	-88.524912	211.359	11399.646
47.10444	-88.524828	210.559	11406.438
47.104359	-88.524616	208.299	11425.161
47.104233	-88.524487	206.189	11442.866
47.104187	-88.524331	204.91	11456.237
47.104163	-88.524087	203.48	11474.962
47.10417	-88.523767	204.081	11499.547
47.104119	-88.523583	203.871	11515.207
47.104139	-88.523381	203.841	11531.054
47.104158	-88.523295	203.511	11537.879
47.104189	-88.523105	202.28	11552.71
47.103957	-88.522385	196.23	11613.149
47.103925	-88.522293	196.641	11620.931
47.10382	-88.522136	197.112	11637.912
47.103753	-88.522125	198.613	11645.418
47.10368	-88.52209	199.764	11653.989
47.103486	-88.522098	201.482	11675.841
47.103417	-88.522068	201.842	11683.753
47.103406	-88.521922	202.943	11695.424
47.10333	-88.521692	203.452	11715.293
47.10316	-88.521497	204.002	11739.33
47.103019	-88.521328	204.683	11759.679
47.102907	-88.521204	205.223	11775.238
47.102842	-88.521124	204.683	11784.702
47.102817	-88.520871	204.232	11804.324
47.102809	-88.520647	202.862	11821.344
47.102721	-88.520417	202.722	11841.394
47.102594	-88.520262	202.762	11860.096
47.102425	-88.520162	202.252	11880.311
47.102334	-88.520085	202.713	11891.911
47.102234	-88.520008	202.652	11904.986
47.10214	-88.519877	201.501	11920.209
47.101974	-88.519586	199.761	11951.578
47.102059	-88.519473	199.871	11963.494
47.102101	-88.51931	199.342	11977.637
47.102123	-88.519114	199.603	11993.194
47.102163	-88.51879	200.073	12018.301
47.102159	-88.518676	200.003	12026.95
47.102203	-88.518356	199.592	12051.871
47.102207	-88.51807	198.561	12073.638
47.102286	-88.517817	198.963	12095.406
47.102333	-88.517805	200.904	12100.765
47.102553	-88.517786	207.365	12125.162
47.102721	-88.517826	208.275	12144.104
47.102877	-88.517813	209.475	12161.629
47.103042	-88.517755	215.245	12180.453
47.103266	-88.517722	211.694	12205.433
47.103361	-88.517684	209.223	12215.696
47.103376	-88.517713	204.683	12216.903
47.103395	-88.517729	204.828	12217.978
