%"Collected By Brett Hamlin Oct 19, 2009, Calumet, MI"			
%Latitude	Longitude	Elivation (m)	Distrnce (m)
47.23858	-88.46508	380.352	0
47.23858	-88.46508	380.352	0
47.238583	-88.465063	381.567	4.339
47.238552	-88.465174	380.177	13.49
47.238513	-88.465631	378.517	48.404
47.238421	-88.466066	378.928	82.888
47.238431	-88.466219	379.878	94.667
47.238549	-88.466352	380.388	111.395
47.23861	-88.466554	380.608	128.071
47.238681	-88.466809	380.517	149.04
47.2387     -88.467204	381.458	179.196
47.238715	-88.467271	381.608	184.491
47.238724	-88.467612	381.967	211.136
47.238727	-88.467897	381.438	233.313
47.238752	-88.467946	381.137	237.865
47.238831	-88.468257	380.777	263.672
47.238851	-88.468509	380.406	282.958
47.238853	-88.468581	380.506	288.45
47.238918	-88.468847	379.486	310.097
47.238954	-88.469154	377.695	333.757
47.238939	-88.469371	379.486	350.251
47.238973	-88.469616	382.877	369.181
47.239024	-88.46987	386.879	389.315
47.239027	-88.47006	386.408	403.716
47.239038	-88.470262	388.579	419.026
47.23904	-88.470317	389.568	423.156
47.238956	-88.470485	389.228	438.866
47.238905	-88.470493	388.888	444.375
47.238773	-88.470345	389.568	463.662
47.23875	-88.4703	389.598	467.878
47.238661	-88.47003	390.198	490.436
47.238666	-88.469985	390.248	493.913
47.238785	-88.46981	391.697	512.678
47.238816	-88.469511	391.036	535.61
47.238816	-88.469441	390.726	540.887
47.238808	-88.469159	389.185	562.286
47.238744	-88.468857	388.356	586.233
47.23865	-88.468503	386.245	614.482
47.238557	-88.468254	387.116	636.134
47.23853	-88.467929	387.697	661.147
47.238491	-88.467634	386.626	684.388
47.238479	-88.467404	387.046	701.878
47.238397	-88.467137	387.866	724.099
47.238308	-88.467024	388.957	736.993
47.238264	-88.466974	389.597	743.168
47.238195	-88.46701	389.867	753.197
47.238176	-88.467269	390.046	772.947
47.238115	-88.467632	389.757	801.255
47.23806	-88.467801	390.057	815.396
47.237867	-88.468265	388.486	856.737
47.23786	-88.468309	388.326	860.051
47.2379     -88.468451	387.486	871.782
47.237893	-88.468709	387.056	891.507
47.2379     -88.468763	386.866	895.591
47.237963	-88.469002	386.616	915.001
47.238066	-88.469208	386.376	934.306
47.238149	-88.469381	385.546	950.562
47.238173	-88.469594	385.216	966.974
47.2382     -88.469756	384.695	979.554
47.238157	-88.470105	384.676	1006.591
47.238192	-88.470258	385.987	1019.096
47.238275	-88.470315	386.707	1029.852
47.238322	-88.47033	387.938	1035.177
47.23836	-88.470461	390.117	1046.367
47.238421	-88.470628	391.546	1061.002
47.238459	-88.470795	391.386	1074.319
47.238443	-88.471014	391.776	1090.975
47.238431	-88.471234	393.467	1107.625
47.238378	-88.471342	390.785	1117.893
47.238284	-88.471261	387.064	1130.016
47.238219	-88.471108	390.217	1143.481
47.238193	-88.471056	390.596	1148.341
47.238132	-88.470905	390.746	1161.962
47.238154	-88.471007	392.957	1170.288
47.238103	-88.47114	395.377	1181.753
47.238086	-88.471289	395.667	1193.824
47.238149	-88.471548	396.587	1214.629
47.238146	-88.471834	398.347	1236.294
47.238105	-88.472035	397.417	1251.961
47.23801	-88.472136	397.456	1265.021
47.237962	-88.472195	396.035	1272.081
47.238027	-88.472338	397.426	1286.138
47.238166	-88.472497	393.356	1305.462
47.238217	-88.472525	392.576	1311.506
47.238247	-88.472679	400.788	1324.474
47.238232	-88.472843	404.578	1336.973
47.238173	-88.473133	408.559	1359.805
47.238225	-88.473312	410.348	1375.18
47.238346	-88.473503	410.187	1395.006
47.238401	-88.473809	409.646	1419.208
47.238377	-88.474114	408.906	1442.397
47.238378	-88.474177	408.596	1447.166
47.238375	-88.474519	407.405	1473.032
47.238378	-88.474778	405.435	1492.576
47.238315	-88.47501	402.734	1511.449
47.238181	-88.475211	396.712	1532.626
47.238177	-88.47529	395.382	1538.704
47.238148	-88.475599	393.312	1562.455
47.238137	-88.475914	392.703	1586.45
47.238188	-88.476168	392.323	1606.765
47.238284	-88.47635	391.743	1624.203
47.238396	-88.476611	390.013	1647.596
47.238457	-88.476881	389.864	1669.239
47.238489	-88.476962	389.874	1676.293
47.238665	-88.477324	388.224	1710.199
47.238769	-88.477905	377.872	1755.697
47.238777	-88.477998	377.293	1762.779
47.2388     -88.478167	376.993	1775.797
47.238789	-88.478514	376.593	1801.911
47.23878	-88.478825	376.964	1825.458
47.238718	-88.479011	378.534	1841.053
47.23867	-88.479213	381.004	1857.505
47.238698	-88.47937	383.755	1870.015
47.23864	-88.479633	388.195	1890.943
47.23863	-88.479688	388.585	1895.306
47.238548	-88.479986	387.065	1919.558
47.238509	-88.480201	388.495	1936.419
47.238454	-88.480359	386.604	1950.587
47.23835	-88.480475	387.534	1965.015
47.238227	-88.480709	387.454	1987.507
47.238266	-88.480831	385.833	1998.275
47.238354	-88.480798	387.064	2008.68
47.23844	-88.480784	388.354	2018.568
47.238636	-88.480927	390.564	2042.871
47.238731	-88.481134	391.595	2061.824
47.238752	-88.481189	392.055	2066.6
47.238861	-88.481277	392.534	2080.368
47.239037	-88.481374	393.804	2101.545
47.239182	-88.481535	394.604	2121.698
47.23937	-88.481699	398.694	2145.986
47.239459	-88.481837	399.354	2160.448
47.239474	-88.482027	395.083	2174.664
47.239457	-88.482114	391.692	2181.385
47.239457	-88.482364	386.471	2200.423
47.239458	-88.482615	382.661	2219.459
47.239431	-88.4828	381.341	2233.735
47.239398	-88.482988	377.75	2248.442
47.239356	-88.483146	376.401	2261.225
47.23934	-88.483149	377.742	2263.471
47.239289	-88.483037	378.152	2272.151
47.239256	-88.482878	378.232	2284.646
47.239211	-88.482744	380.753	2295.654
47.23915	-88.482748	382.563	2301.858
47.239037	-88.482873	386.263	2316.938
47.238951	-88.48298	384.242	2328.674
47.238862	-88.483099	387.594	2341.983
47.238788	-88.483242	386.273	2354.608
47.238825	-88.483449	386.494	2370.686
47.238819	-88.483491	386.062	2373.929
47.238804	-88.483763	388.373	2394.754
47.238879	-88.483963	390.183	2412.008
47.238918	-88.483977	390.443	2415.886
47.238978	-88.483783	389.682	2431.778
47.239037	-88.483566	387.581	2449.146
47.239112	-88.483427	386.761	2462.116
47.239229	-88.483422	387.061	2469.15
47.239242	-88.483575	385.311	2480.207
47.239231	-88.483716	381.89	2491.228
47.239195	-88.483865	381.34	2503.435
47.239139	-88.484066	385.411	2520.025
47.239138	-88.484238	387.882	2533.061
47.239187	-88.484397	390.082	2546.375
47.239195	-88.484437	391.042	2549.528
47.239198	-88.48463	391.832	2564.187
47.239249	-88.484882	394.674	2584.226
47.239329	-88.485118	395.693	2604.321
47.239446	-88.485209	391.193	2618.192
47.239482	-88.485137	388.093	2624.99
47.239417	-88.484998	384.512	2637.881
47.239324	-88.484851	383.101	2652.908
47.239257	-88.484705	383.512	2665.997
47.239219	-88.484608	384.922	2674.038
47.23921	-88.484415	385.752	2688.46
47.239186	-88.484284	388.432	2698.583
47.23919	-88.484206	391.753	2704.337
47.239299	-88.484212	396.754	2714.473
47.239335	-88.484254	393.622	2716.406
47.239364	-88.484339	393.692	2723.127
47.239384	-88.484358	392.822	2725.807
47.239468	-88.484594	391.551	2746.777
47.239443	-88.484741	390.941	2758.231
47.239476	-88.484875	389.721	2769.013
47.239508	-88.484929	390.002	2774.411
47.239578	-88.485203	387.521	2796.688
47.239564	-88.48537	385.801	2809.034
47.239483	-88.48554	382.611	2824.187
47.239437	-88.485574	378.539	2829.574
47.239369	-88.485502	374.72	2839.139
47.239357	-88.485463	373.149	2842.375
47.239303	-88.485393	372.87	2850.497
47.23923	-88.485345	376.492	2859.32
47.239184	-88.485292	377.812	2865.637
47.239156	-88.485184	379.743	2874.422
47.239152	-88.485134	380.852	2877.699
47.239132	-88.485087	383.883	2881.639
47.239131	-88.48505	384.503	2882.974
47.239118	-88.485042	386.164	2884.111
47.239081	-88.484991	388.424	2889.709
47.239074	-88.484882	392.523	2897.639
47.239035	-88.48481	392.053	2903.167
47.23896	-88.484841	392.522	2911.192
47.238877	-88.484952	394.703	2923.592
47.238854	-88.485017	396.143	2929.045
47.238732	-88.485111	394.391	2944.534
47.238712	-88.485188	394.371	2950.927
47.238729	-88.485348	391.42	2963.077
47.238798	-88.48543	387.84	2973.174
47.238869	-88.485378	385.06	2981.939
47.238999	-88.485381	384.19	2996.291
47.239033	-88.485436	383.9	3001.844
47.239091	-88.4856	383.591	3015.918
47.239078	-88.485722	381.89	3025.184
47.239015	-88.485765	380.409	3032.657
47.238991	-88.485859	381.151	3039.789
47.23888	-88.485868	379.091	3053.069
47.238713	-88.48584	379.111	3072.011
47.238596	-88.485869	376.7	3085.246
47.238596	-88.485798	381.762	3089.154
47.238591	-88.485622	388.083	3100.471
47.238607	-88.485509	391.884	3106.933
47.238598	-88.485488	393.005	3107.525
47.238523	-88.485584	394.894	3118.489
47.238453	-88.485629	395.703	3126.901
47.23843	-88.485778	395.122	3139.524
47.238459	-88.485915	396.082	3150.579
47.238407	-88.486085	393.911	3164.816
47.238373	-88.486215	391.581	3175.23
47.238339	-88.486271	391.281	3180.692
47.238357	-88.486386	388.37	3189.337
47.238335	-88.486548	384.659	3201.542
47.238309	-88.486599	382.239	3206.148
47.23827	-88.486587	381.65	3210.576
47.238225	-88.486543	382.591	3215.847
47.238218	-88.486441	383.771	3223.372
47.238198	-88.486378	384.372	3227.955
47.238121	-88.486399	388.842	3236.838
47.238058	-88.486509	389.682	3247.093
47.238084	-88.486751	389.771	3266.844
47.238124	-88.487028	388.341	3288.41
47.238102	-88.487269	388.47	3306.893
47.238081	-88.487492	384.979	3324.048
47.238113	-88.487777	384.679	3345.979
47.238151	-88.48799	382.539	3362.775
47.238229	-88.488186	383.79	3379.875
47.238269	-88.488307	384.64	3390.067
47.238382	-88.488435	381.091	3405.562
47.238483	-88.488605	381.861	3422.958
47.238543	-88.488773	382.881	3437.27
47.238532	-88.488949	385.112	3450.049
47.238453	-88.489194	386.962	3470.256
47.238437	-88.489216	387.362	3472.523
47.238393	-88.489159	386.341	3480.362
47.238394	-88.489123	386.671	3483.105
47.238398	-88.488945	383.38	3496.448
47.238355	-88.488931	385.25	3501.282
47.238243	-88.488947	384.87	3513.69
47.238125	-88.488986	384.37	3526.866
47.238087	-88.48899	385.15	3531.054
47.237967	-88.488882	394.192	3546.542
47.237873	-88.488816	396.321	3558.068
47.237746	-88.48886	393.09	3570.646
47.237706	-88.488907	389.849	3575.318
47.23764	-88.48904	383.317	3587.112
47.237627	-88.489118	381.597	3593.046
47.237596	-88.489335	381.058	3610.006
47.237571	-88.489635	382.909	3632.902
47.237493	-88.48978	387.11	3647.491
47.237398	-88.490033	386.52	3669.362
47.237361	-88.490192	386.97	3682.133
47.237271	-88.490487	387.41	3706.654
47.23732	-88.490619	381.568	3718.081
47.237341	-88.490778	379.858	3730.668
47.23729	-88.490918	379.918	3742.66
47.237149	-88.491085	376.648	3762.865
47.237143	-88.491271	378.918	3777.841
47.237183	-88.491442	379.299	3791.482
47.237165	-88.491581	381.59	3802.032
47.237193	-88.491615	379.689	3804.6
47.237251	-88.491639	380.52	3810.956
47.237383	-88.491764	385.362	3828.078
47.23746	-88.491751	385.011	3836.292
47.237625	-88.491742	384.4	3854.534
47.237605	-88.491915	384.71	3866.502
47.237622	-88.492089	386.31	3879.774
47.237646	-88.492258	387.22	3892.689
47.237745	-88.492389	385.269	3907.721
47.237852	-88.492486	383.83	3920.893
47.237983	-88.492569	378.368	3937.239
47.23802	-88.492728	375.217	3949.961
47.23799	-88.492925	371.707	3965.119
47.237975	-88.492958	370.777	3967.981
47.238041	-88.49306	371.048	3978.357
47.238159	-88.493222	371.278	3996.521
47.238299	-88.49344	372.088	4019.115
47.238442	-88.493678	372.378	4043.185
47.238458	-88.493762	372.868	4049.738
47.238402	-88.493884	373.149	4060.666
47.238339	-88.493864	373.769	4067.838
47.238202	-88.49371	372.678	4087.205
47.238125	-88.493574	372.698	4100.572
47.238102	-88.493512	371.868	4105.835
47.238042	-88.493452	372.519	4113.838
47.237961	-88.493549	373.759	4125.853
47.237937	-88.493624	373.859	4132.03
47.237963	-88.493774	377.289	4143.875
47.237932	-88.494002	385.213	4161.208
47.23783	-88.494134	388.971	4176.517
47.237783	-88.494209	388.24	4184.155
47.237768	-88.494219	389.381	4185.9
47.23766	-88.494427	384.399	4204.802
47.237569	-88.494562	383.329	4219.143
47.237519	-88.494598	375.866	4225.184
47.237517	-88.494613	365.965	4226.544
47.237493	-88.494763	367.937	4238.158
47.237491	-88.494782	365.817	4239.58
47.237488	-88.494837	362.256	4243.838
47.237487	-88.495023	366.248	4257.702
47.237475	-88.495059	366.268	4260.572
47.237391	-88.495212	370.509	4275.087
47.237317	-88.495163	371.799	4283.674
47.237297	-88.49517	372.55	4285.868
47.237271	-88.49519	374.901	4289.114
47.237208	-88.495277	373.78	4298.43
47.237186	-88.495475	376.55	4313.022
47.237153	-88.495579	379.651	4321.589
47.237001	-88.495789	386.08	4344.821
47.236885	-88.495921	392.192	4361.138
47.236739	-88.49606	397.171	4380.761
47.236692	-88.496123	399.022	4387.732
47.236635	-88.496297	399.481	4402.016
47.236619	-88.496348	400.372	4406.205
47.236553	-88.496526	405.382	4421.412
47.236401	-88.49656	397.929	4437.205
47.23637	-88.496541	393.579	4440.628
47.236139	-88.496498	382.547	4467.853
47.236077	-88.496591	382.298	4477.436
47.235983	-88.496767	381.328	4494.304
47.235975	-88.496983	377.297	4510.803
47.235918	-88.49726	376.487	4532.979
47.235892	-88.497517	375.126	4552.709
47.235929	-88.497669	373.366	4564.951
47.235973	-88.497724	372.496	4571.314
47.236054	-88.497971	372.436	4592.12
47.236094	-88.498117	372.546	4603.978
47.236186	-88.498328	372.126	4623.004
47.236306	-88.498589	372.297	4646.873
47.236466	-88.498734	373.487	4668.014
47.236675	-88.498782	374.727	4691.547
47.23676	-88.498948	375.217	4707.347
47.236893	-88.499124	373.356	4727.261
47.236998	-88.499378	375.447	4749.64
47.237098	-88.499592	375.536	4769.353
47.237234	-88.499798	375.045	4791.131
47.237302	-88.499951	374.485	4804.941
47.237443	-88.499999	375.736	4821.219
47.237613	-88.500063	373.795	4841.077
47.237693	-88.500184	373.775	4853.789
47.237676	-88.500345	374.566	4867.036
47.237619	-88.50043	376.077	4875.748
47.237579	-88.500469	376.988	4881.077
47.237458	-88.500584	379.597	4897.331
47.237416	-88.500662	381.408	4904.778
47.237415	-88.500837	380.426	4918.368
47.237419	-88.501107	381.537	4938.969
47.237371	-88.501242	380.396	4950.52
47.237281	-88.50128	382.877	4960.836
47.23715	-88.501397	385.448	4977.938
47.236918	-88.501561	378.415	5006.799
47.236868	-88.501561	378.206	5012.252
47.236745	-88.501556	375.574	5025.903
47.236517	-88.501417	372.145	5053.417
47.236447	-88.501297	371.955	5065.361
47.236397	-88.501043	372.286	5085.81
47.236315	-88.500949	372.616	5097.432
47.236269	-88.500877	372.797	5104.898
47.236217	-88.500731	372.365	5117.326
47.236173	-88.500477	371.454	5137.138
47.236096	-88.500284	369.743	5154.991
47.235982	-88.500244	369.365	5167.962
47.235885	-88.500211	370.816	5179.024
47.235795	-88.500053	371.145	5194.925
47.235777	-88.49976	370.465	5217.343
47.235699	-88.499668	370.035	5228.631
47.235616	-88.499672	372.146	5237.712
47.235545	-88.499783	373.467	5249.658
47.235603	-88.499945	373.486	5264.042
47.235562	-88.500122	374.766	5278.201
47.2356     -88.500253	374.405	5289.193
47.235635	-88.500459	374.375	5305.378
47.235609	-88.500693	374.495	5323.311
47.235606	-88.500758	374.495	5328.181
47.235706	-88.500956	374.205	5347.849
47.235811	-88.501085	372.945	5363.427
47.23584	-88.501181	372.054	5371.378
47.235914	-88.501557	370.555	5400.957
47.236006	-88.501721	369.185	5417.376
47.236174	-88.501811	369.876	5437.15
47.236397	-88.501916	368.044	5463.277
47.236472	-88.501946	367.425	5471.888
47.236694	-88.502136	368.015	5500.708
47.236887	-88.502393	367.254	5529.708
47.237055	-88.502454	366.164	5549.198
47.237205	-88.502516	365.854	5566.639
47.237395	-88.502642	366.154	5590.003
47.237439	-88.502638	366.224	5594.91
47.237533	-88.502611	366.164	5605.536
47.237703	-88.502659	365.854	5625.49
47.237753	-88.502832	366.864	5639.903
47.237764	-88.503142	367.925	5663.636
47.237795	-88.503351	368.685	5680.412
47.237678	-88.503509	371.416	5698.164
47.237542	-88.503567	371.735	5714.07
47.237501	-88.503555	371.625	5718.719
47.237332	-88.503459	370.485	5739.142
47.237121	-88.503413	369.525	5763.457
47.237025	-88.503553	369.775	5778.723
47.236941	-88.503793	370.655	5799.257
47.236918	-88.504032	370.965	5817.938
47.2369     -88.504317	370.454	5839.971
47.236875	-88.504381	370.394	5845.506
47.23679	-88.504577	371.905	5863.161
47.236752	-88.50486	373.436	5885.222
47.236737	-88.504992	373.355	5895.351
47.236647	-88.505182	374.816	5913.184
47.2366     -88.505278	374.415	5922.091
47.23662	-88.505522	373.505	5940.791
47.23668	-88.505939	371.635	5972.965
47.236707	-88.506201	373.966	5993.936
47.236685	-88.506343	374.766	6004.954
47.236674	-88.506488	375.906	6016.04
47.236566	-88.506733	378.407	6040.22
47.236456	-88.506716	375.306	6052.05
47.23633	-88.5067	371.465	6066.336
47.236252	-88.506664	369.424	6075.3
47.236162	-88.506557	368.693	6087.99
47.236072	-88.506488	368.233	6099.348
47.235912	-88.506461	367.554	6117.156
47.235873	-88.506483	367.784	6121.503
47.235722	-88.506683	365.883	6143.741
47.235609	-88.506791	369.235	6158.588
47.235507	-88.507035	371.275	6181.429
47.235562	-88.507254	369.185	6198.756
47.235729	-88.507302	367.545	6217.812
47.235855	-88.507334	364.854	6232.415
47.235917	-88.507381	363.733	6240.016
47.236094	-88.50742	364.334	6259.792
47.236253	-88.507446	367.155	6277.629
47.236394	-88.50739	367.055	6293.881
47.236528	-88.507334	367.435	6309.396
47.23662	-88.507187	367.334	6324.667
47.236637	-88.506973	366.914	6340.966
47.236717	-88.506822	369.195	6355.76
47.23685	-88.506792	364.792	6370.866
47.236934	-88.506827	363.282	6380.59
47.23708	-88.506775	361.551	6398.058
47.237103	-88.50674	361.622	6401.669
47.237104	-88.506492	364.243	6421.469
47.237198	-88.506359	365.534	6436.528
47.237229	-88.506357	366.193	6439.904
47.237398	-88.506465	360.731	6460.9
47.23745	-88.506712	360.253	6480.669
47.237576	-88.506876	360.063	6499.417
47.237629	-88.506988	358.772	6509.717
47.237731	-88.507264	357.903	6533.914
47.237894	-88.507432	355.813	6556.197
47.237917	-88.507482	355.803	6560.763
47.238047	-88.507855	353.813	6592.623
47.238069	-88.508118	353.252	6612.716
47.238179	-88.50843	351.893	6639.579
47.238229	-88.508731	351.643	6663.809
47.23825	-88.508988	351.243	6683.893
47.238327	-88.50913	352.404	6697.629
47.238431	-88.509263	353.034	6713.004
47.238545	-88.50923	354.344	6726.685
47.238601	-88.509121	354.734	6737.039
47.2387     -88.508833	356.053	6761.519
47.238743	-88.508637	356.384	6777.191
47.238866	-88.50843	358.064	6798.189
47.238895	-88.508391	358.555	6802.569
47.239056	-88.508146	361.094	6828.694
47.239141	-88.507963	361.084	6845.826
47.239198	-88.507892	361.374	6854.139
47.239309	-88.50766	361.434	6875.55
47.239281	-88.507483	362.555	6889.414
47.239248	-88.507204	363.394	6910.92
47.239371	-88.506982	364.424	6932.733
47.239454	-88.506904	364.394	6943.659
47.239429	-88.50665	364.334	6965.998
47.239325	-88.506439	361.964	6985.413
47.23928	-88.50622	362.564	7003.014
47.239372	-88.505964	363.564	7024.779
47.239381	-88.50575	364.235	7041.077
47.239336	-88.505539	362.864	7058.255
47.239241	-88.505285	362.363	7080.029
47.239161	-88.505014	362.355	7102.676
47.239041	-88.504908	361.926	7118.432
47.238891	-88.504921	362.886	7135.095
47.238692	-88.505029	364.966	7158.622
47.238536	-88.50499	364.706	7176.356
47.238347	-88.504906	362.915	7198.336
47.238215	-88.504745	364.577	7217.693
47.238172	-88.504522	364.815	7234.796
47.238144	-88.504224	365.876	7257.375
47.23811	-88.504037	367.197	7271.961
47.238088	-88.503883	368.026	7283.897
47.238101	-88.503684	368.676	7298.998
47.238143	-88.503518	370.326	7311.884
47.238147	-88.503502	370.235	7313.119
47.23813	-88.503465	370.476	7316.75
47.238152	-88.503307	370.515	7329.04
47.238177	-88.503117	371.916	7344.138
47.238185	-88.502968	372.936	7355.768
47.238274	-88.502729	373.666	7376.428
47.238282	-88.502684	374.086	7379.939
47.238289	-88.502387	374.806	7402.4
47.238273	-88.502089	377.026	7424.948
47.238263	-88.50183	377.556	7444.577
47.238263	-88.501424	377.006	7475.333
47.238246	-88.501128	377.035	7497.861
47.238224	-88.50097	379.947	7510.006
47.238166	-88.500733	381.316	7528.368
47.238107	-88.500393	380.735	7554.903
47.238094	-88.500345	380.846	7558.729
47.23818	-88.500271	382.307	7569.819
47.238304	-88.500241	380.396	7583.817
47.23855	-88.500263	377.256	7611.277
47.238797	-88.500346	371.074	7639.355
47.238972	-88.500484	368.134	7661.383
47.239269	-88.500754	364.524	7700.045
47.239324	-88.500945	362.994	7715.701
47.239436	-88.5011	361.204	7732.92
47.239505	-88.501199	361.135	7743.66
47.239566	-88.501298	361.225	7753.766
47.239715	-88.501462	362.026	7774.446
47.23984	-88.501661	363.216	7795.064
47.239885	-88.501954	363.775	7818.007
47.239852	-88.502179	363.875	7835.295
47.239771	-88.502369	363.645	7852.439
47.239777	-88.502616	363.905	7871.155
47.23972	-88.502851	364.095	7890.17
47.239622	-88.502983	364.426	7904.951
47.239482	-88.50313	364.096	7924.66
47.239355	-88.503157	365.627	7938.787
47.23929	-88.503216	365.997	7947.283
47.2392     -88.503458	368.337	7968.396
47.23927	-88.503791	369.766	7992.541
47.239338	-88.504128	367.775	8019.195
47.239372	-88.504716	363.064	8063.99
47.239491	-88.505115	360.184	8097.007
47.239594	-88.505321	358.244	8116.389
47.239722	-88.505566	357.454	8139.718
47.239866	-88.505683	356.164	8158.394
47.239933	-88.505653	355.834	8166.148
47.240124	-88.505453	356.374	8192.405
47.240108	-88.505187	359.316	8212.637
47.239991	-88.505038	361.335	8230.011
47.239839	-88.504943	362.255	8248.631
47.239824	-88.504699	361.775	8267.099
47.239921	-88.50451	362.445	8284.764
47.240047	-88.504479	364.266	8299.317
47.240133	-88.504578	362.275	8311.258
47.240197	-88.504722	360.094	8324.255
47.240194	-88.504687	361.974	8325.686
47.240216	-88.504645	362.895	8330.131
47.240333	-88.504632	363.215	8343.191
47.240452	-88.504517	365.596	8359.305
47.240589	-88.504368	366.505	8378.488
47.240746	-88.504323	366.955	8396.378
47.240933	-88.504366	361.673	8417.183
47.24095	-88.504367	359.784	8419.536
47.240962	-88.504503	358.505	8429.816
47.240906	-88.504609	359.116	8439.942
47.240771	-88.504637	359.086	8455.245
47.240659	-88.504749	361.216	8470.118
47.240541	-88.504786	359.976	8483.344
47.240486	-88.504802	359.815	8489.562
47.240433	-88.504938	359.775	8501.531
47.240485	-88.505146	358.365	8518.072
47.240569	-88.50545	359.585	8542.913
47.240542	-88.505691	361.786	8561.558
47.240525	-88.50584	362.395	8573.072
47.240485	-88.505924	361.766	8580.864
47.240351	-88.506247	360.016	8609.414
47.240292	-88.506336	360.066	8618.82
47.240257	-88.506466	359.285	8629.874
47.240184	-88.506576	358.855	8641.248
47.240052	-88.506611	358.876	8656.056
47.240001	-88.50677	359.866	8669.204
47.239892	-88.506947	359.515	8687.558
47.239775	-88.507079	358.464	8704.103
47.23973	-88.50728	357.344	8719.943
47.239628	-88.507504	357.945	8740.346
47.239621	-88.507551	357.895	8743.934
47.239684	-88.507801	359.244	8763.971
47.239765	-88.508032	360.936	8783.563
47.239957	-88.508109	358.794	8806.459
47.240042	-88.508074	358.784	8816.211
47.240201	-88.507997	354.593	8834.731
47.240391	-88.508042	353.203	8857.199
47.240415	-88.508096	353.363	8862.064
47.240514	-88.508255	352.093	8878.631
47.240708	-88.508241	351.813	8900.16
47.240844	-88.508378	350.903	8919.082
47.240985	-88.508449	350.453	8935.904
47.24103	-88.508477	349.573	8941.294
47.241249	-88.508686	348.254	8970.326
47.241418	-88.508803	349.094	8991.101
47.24162	-88.509024	346.803	9019.441
47.241717	-88.509202	343.882	9036.705
47.241905	-88.509325	343.912	9059.602
47.241952	-88.509317	343.743	9064.323
47.242071	-88.509508	339.072	9083.316
47.242349	-88.509866	335.531	9124.224
47.242495	-88.510093	334.833	9147.834
47.242522	-88.510145	334.823	9152.752
47.242701	-88.510624	333.522	9194.085
47.242678	-88.510875	332.582	9214.248
47.242542	-88.51116	331.492	9240.901
47.242538	-88.511434	330.952	9262.098
47.242637	-88.511581	331.003	9277.931
47.242715	-88.51173	331.153	9292.49
47.242673	-88.511925	330.713	9308.088
47.242552	-88.512309	330.012	9340.185
47.24252	-88.512561	329.922	9359.646
47.242528	-88.512681	330.162	9368.772
47.242494	-88.512992	330.292	9392.649
47.242482	-88.513201	330.072	9408.528
47.242511	-88.513502	329.592	9431.571
47.24254	-88.513622	328.991	9441.179
47.242661	-88.513887	328.061	9465.758
47.242753	-88.513908	328.032	9476.109
47.242877	-88.513928	328.842	9489.966
47.242967	-88.514134	327.981	9508.993
47.243089	-88.51438	327.412	9533.173
47.243266	-88.514397	326.972	9553.141
47.24336	-88.514276	328.132	9567.23
47.243378	-88.514176	328.963	9575.134
47.243335	-88.513879	331.323	9598.301
47.2433     -88.513707	332.633	9612.043
47.243283	-88.5135	333.183	9628.095
47.2432     -88.513356	333.193	9642.382
47.243058	-88.513107	332.922	9667.056
47.243042	-88.512988	332.702	9676.215
47.243152	-88.512678	333.112	9702.878
47.243256	-88.512364	334.112	9729.594
47.243211	-88.512191	334.622	9743.823
47.243209	-88.511916	334.442	9764.732
47.243223	-88.511664	334.742	9783.918
47.243246	-88.511493	335.042	9797.163
47.243314	-88.511487	335.642	9807.312
47.243371	-88.511617	335.972	9819.063
47.243524	-88.511773	337.172	9840.126
47.243722	-88.511831	339.133	9862.68
47.243767	-88.511731	340.074	9872.309
47.243749	-88.511636	340.663	9879.792
47.243665	-88.511449	342.214	9896.754
47.243716	-88.511403	342.563	9905.707
47.24374	-88.511432	342.474	9909.163
47.243884	-88.511694	341.093	9934.553
47.243978	-88.511841	339.933	9949.655
47.244079	-88.511936	338.273	9963.125
47.244199	-88.511947	339.523	9976.375
47.244435	-88.511841	338.803	10003.736
47.24455	-88.511779	338.643	10017.292
47.244676	-88.511776	338.253	10031.449
47.244817	-88.511906	337.953	10049.974
47.244972	-88.5121	336.353	10072.681
47.245109	-88.512213	334.312	10090.064
47.245171	-88.512293	333.272	10099.161
47.245376	-88.512433	329.811	10124.412
47.245401	-88.512515	328.51	10131.214
47.245402	-88.512537	327.842	10132.878
47.245388	-88.512622	327.664	10139.455
47.245253	-88.512706	329.304	10156.089
47.245148	-88.512719	330.454	10167.697
47.244974	-88.512703	332.134	10187.133
47.244909	-88.512695	332.665	10194.233
47.244774	-88.512636	333.604	10209.85
47.244656	-88.512627	335.525	10222.968
47.244476	-88.512663	336.734	10243.227
47.244284	-88.512656	337.464	10264.505
47.24414	-88.512612	339.344	10280.804
47.24411	-88.512605	340.514	10284.141
47.243992	-88.512626	342.595	10296.627
47.243883	-88.512755	345.325	10311.977
47.24383	-88.512873	345.625	10321.88
47.243764	-88.513123	344.505	10342.226
47.243709	-88.513252	343.354	10353.551
47.243803	-88.513421	342.213	10370.055
47.244049	-88.513416	339.792	10398.7
47.244088	-88.513378	339.602	10403.911
47.244303	-88.513359	335.371	10430.674
47.244316	-88.513498	333.791	10441.493
47.244296	-88.513817	331.691	10466.451
47.244376	-88.513951	330.531	10479.744
47.244639	-88.514118	328.681	10512.757
47.244766	-88.513984	328.492	10530.33
47.244813	-88.513855	328.112	10541.41
47.244909	-88.513615	328.183	10562.585
47.245054	-88.51344	328.733	10583.537
47.245224	-88.513396	329.033	10602.97
47.245323	-88.513275	329.443	10617.415
47.245383	-88.513192	329.403	10626.596
47.24553	-88.513033	330.272	10647.114
47.245545	-88.512985	329.982	10651.12
47.24556	-88.512964	329.162	10653.685
47.245574	-88.512915	329.032	10657.822
47.245572	-88.512854	329.222	10662.505
47.245569	-88.512671	329.232	10676.257
47.245516	-88.512301	327.861	10704.973
47.245475	-88.512196	328.833	10713.921
47.24544	-88.51211	331.895	10719.863
47.245338	-88.512014	335.286	10732.607
47.245256	-88.51195	337.356	10743.011
47.245198	-88.511892	338.896	10750.665
47.245085	-88.511769	342.886	10766.206
47.244926	-88.511628	346.016	10786.638
47.244829	-88.511553	349.986	10799.019
47.244766	-88.511565	349.516	10805.147
47.244734	-88.51159	348.706	10808.656
47.244601	-88.511615	347.587	10823.447
47.244524	-88.511615	345.685	10831.894
47.244401	-88.511532	342.514	10846.222
47.244351	-88.511417	343.024	10855.962
47.24425	-88.511221	345.685	10874.143
47.244204	-88.511012	349.976	10890.016
47.244196	-88.510973	350.566	10892.915
47.244209	-88.510676	351.635	10914.062
47.2442     -88.510482	351.435	10928.96
47.244181	-88.510233	352.335	10947.758
47.244142	-88.509936	351.585	10970.668
47.244063	-88.509675	349.345	10992.129
47.243999	-88.509529	348.386	11005.226
47.243987	-88.509279	345.765	11023.829
47.243935	-88.509143	345.764	11035.619
47.243846	-88.508903	342.325	11055.527
47.243803	-88.508729	342.145	11069.523
47.243751	-88.508637	341.565	11078.538
47.243656	-88.508307	340.975	11105.988
47.243594	-88.508062	344.356	11125.562
47.24356	-88.507822	344.615	11143.981
47.243539	-88.507488	344.195	11168.764
47.243587	-88.507292	343.904	11184.202
47.243619	-88.506997	341.324	11206.88
47.243622	-88.506945	340.524	11210.716
47.243727	-88.50664	335.753	11236.072
47.243748	-88.50642	335.585	11253.157
47.243794	-88.506218	336.004	11269.804
47.243825	-88.506156	335.644	11275.641
47.243799	-88.505973	334.345	11289.974
47.24371	-88.505803	334.795	11306.321
47.243581	-88.505692	336.475	11322.956
47.243525	-88.505457	339.606	11341.742
47.243418	-88.505289	341.606	11359.221
47.243381	-88.505246	342.536	11364.516
47.243317	-88.505069	343.097	11379.827
47.243205	-88.504896	346.057	11397.803
47.243156	-88.504816	348.557	11405.953
47.243067	-88.504576	350.698	11426.672
47.24297	-88.504408	353.007	11443.496
47.242911	-88.50423	350.886	11458.391
47.242808	-88.503963	353.577	11481.545
47.242687	-88.503777	350.176	11500.618
47.2426     -88.503636	351.437	11515.101
47.242569	-88.503593	352.348	11519.719
47.242483	-88.503485	355.318	11532.393
47.242398	-88.503376	357.417	11544.972
47.242354	-88.50332	357.467	11551.229
47.242318	-88.503288	357.767	11555.65
47.24228	-88.503263	357.708	11559.892
47.24225	-88.503241	358.297	11562.643
47.242178	-88.503325	357.416	11570.071
47.242178	-88.503393	356.336	11574.884
47.242179	-88.503464	354.915	11579.432
47.242278	-88.5036	352.384	11594.308
47.242329	-88.503839	351.064	11613.348
47.242305	-88.504083	353.286	11632.227
47.242294	-88.504119	353.347	11634.83
47.242139	-88.504203	350.926	11652.84
47.242026	-88.504243	350.926	11665.783
47.241953	-88.504353	351.115	11676.937
47.24202	-88.504581	351.234	11695.403
47.242106	-88.504808	351.105	11715.157
47.242193	-88.504849	350.965	11725.025
47.242306	-88.504934	351.645	11740.127
47.242455	-88.505266	356.606	11770.116
47.242482	-88.505301	356.245	11774.195
47.242595	-88.505412	355.125	11789.3
47.242715	-88.505562	352.854	11806.779
47.242817	-88.505744	351.253	11824.596
47.242873	-88.506077	349.713	11850.701
47.242988	-88.506385	346.263	11877.352
47.243064	-88.506607	345.913	11896.162
47.243121	-88.506858	345.704	11916.206
47.243146	-88.506989	345.304	11926.472
47.243188	-88.507313	344.664	11951.552
47.243194	-88.507527	344.864	11967.895
47.243227	-88.507809	346.015	11989.766
47.243248	-88.507879	345.415	11995.495
47.243318	-88.508179	345.594	12019.546
47.243373	-88.508342	344.173	12033.239
47.243489	-88.508602	342.303	12057.466
47.243621	-88.508798	340.603	12078.447
47.243627	-88.509008	341.074	12095.029
47.243625	-88.509065	340.954	12099.152
47.243615	-88.509356	341.895	12121.338
47.243494	-88.509568	342.795	12142.246
47.243396	-88.509803	345.525	12163.335
47.243384	-88.509861	345.375	12167.922
47.243299	-88.510093	346.335	12187.935
47.243368	-88.51034	346.675	12207.514
47.243421	-88.51049	345.994	12220.263
47.243464	-88.510702	346.574	12237.03
47.24344	-88.511029	344.624	12261.903
47.243429	-88.511077	345.274	12265.577
47.243367	-88.511081	344.824	12272.188
47.243254	-88.510903	347.766	12290.161
47.243208	-88.510723	348.286	12304.453
47.24317	-88.510546	346.966	12318.443
47.243169	-88.510489	338.782	12323.027
47.243123	-88.510437	334.743	12327.272
47.243123	-88.510421	334.602	12328.476
47.243148	-88.510319	337.353	12336.578
47.24315	-88.510287	337.623	12339.024
47.24316	-88.510046	340.934	12357.21
47.243134	-88.509913	343.205	12367.865
47.24303	-88.509778	342.803	12383.018
47.242914	-88.509668	342.774	12398.385
47.242856	-88.50946	341.434	12414.853
47.24272	-88.5093	341.404	12434.023
47.242601	-88.509235	344.036	12448.077
47.242456	-88.509166	345.285	12464.44
47.242376	-88.509187	342.533	12473.03
47.24222	-88.50909	342.394	12492.758
47.242089	-88.50895	344.204	12510.679
47.242068	-88.50893	344.505	12513.482
47.242024	-88.508768	348.407	12526.232
47.241992	-88.508607	351.867	12538.845
47.241971	-88.508556	352.606	12543.316
47.241799	-88.50836	353.195	12567.712
47.241773	-88.50823	352.435	12577.271
47.241794	-88.508138	351.684	12584.189
47.241841	-88.507879	353.567	12604.5
47.24188	-88.507639	353.735	12623.241
47.242036	-88.507479	350.513	12644.396
47.242185	-88.507261	350.054	12667.806
47.242341	-88.507315	347.774	12687.277
47.242401	-88.507581	346.103	12708.815
47.242399	-88.507656	345.673	12714.455
47.242371	-88.508085	343.383	12747.208
47.242393	-88.508383	342.573	12769.917
47.242399	-88.508536	341.322	12781.508
47.242488	-88.508897	339.402	12811.235
47.242687	-88.508932	340.043	12834.229
47.242808	-88.508853	341.334	12848.211
47.242835	-88.508756	342.444	12855.939
47.24283	-88.508416	345.406	12881.601
47.24281	-88.508196	347.126	12898.587
47.242863	-88.508002	347.776	12914.415
47.24284	-88.507738	351.296	12934.644
47.242897	-88.507501	353.016	12953.819
47.242831	-88.507274	353.685	12972.868
47.242756	-88.507059	353.215	12991.397
47.242608	-88.506846	349.893	13015.4
47.242545	-88.506802	349.643	13022.825
47.242339	-88.506591	349.975	13051.535
47.242324	-88.506533	349.845	13056.274
47.2422		-88.506179	350.085	13086.574
47.242168	-88.506145	349.705	13090.916
47.242053	-88.506223	350.595	13105.644
47.242047	-88.506418	351.996	13120.376
47.242044	-88.506464	351.765	13123.827
47.241995	-88.50661	349.864	13136.542
47.241853	-88.50665	349.254	13153.397
47.241781	-88.506535	349.845	13165.4
47.241751	-88.506303	351.426	13183.143
47.241754	-88.506104	352.196	13198.28
47.241852	-88.505855	352.185	13219.996
47.241883	-88.50561	352.285	13239.476
47.241809	-88.505463	352.215	13253.355
47.241575	-88.505075	354.547	13292.736
47.241546	-88.504788	354.495	13314.863
47.241543	-88.50461	356.026	13328.359
47.241465	-88.504423	359.208	13345.073
47.241417	-88.504249	361.217	13359.422
47.241403	-88.504037	360.327	13374.657
47.241436	-88.503792	360.137	13393.333
47.241438	-88.503613	359.866	13406.846
47.241484	-88.503317	357.826	13429.503
47.241547	-88.503068	355.335	13449.486
47.241561	-88.502997	354.354	13455.06
47.241587	-88.502743	352.434	13474.375
47.241716	-88.502471	350.384	13499.977
47.241816	-88.502423	350.635	13511.523
47.241982	-88.502354	351.965	13531.008
47.242048	-88.502227	353.476	13543.458
47.24205	-88.501996	357.177	13560.879
47.242067	-88.501853	357.086	13571.833
47.242098	-88.501479	356.886	13600.335
47.242058	-88.501418	356.135	13606.167
47.242025	-88.501338	357.066	13613.31
47.242011	-88.501031	359.116	13636.698
47.241999	-88.500775	357.766	13656.516
47.241951	-88.500653	356.997	13667.083
47.241915	-88.500612	354.096	13671.897
47.24187	-88.500471	357.987	13680.27
47.241844	-88.500459	358.337	13683.321
47.241736	-88.500504	360.528	13695.912
47.241684	-88.500533	362.569	13701.877
47.241638	-88.50057	362.638	13707.58
47.241585	-88.500683	362.087	13717.674
47.241589	-88.50086	360.576	13731.394
47.241661	-88.500998	360.966	13744.458
47.241715	-88.501294	360.566	13767.911
47.241668	-88.501528	360.166	13786.159
47.24163	-88.501668	358.755	13797.557
47.241523	-88.501744	354.734	13811.446
47.241424	-88.501688	352.835	13823.257
47.241404	-88.501663	352.935	13826.093
47.241297	-88.50145	354.887	13845.938
47.2412     -88.501087	356.587	13875.22
47.241119	-88.500812	357.097	13898.023
47.24107	-88.500689	357.607	13908.691
47.241149	-88.500435	356.466	13930.838
47.241135	-88.500257	355.456	13944.4
47.241011	-88.500082	355.437	13963.475
47.240908	-88.499902	355.967	13981.35
47.240725	-88.499804	356.307	14003.71
47.240427	-88.499874	357.126	14037.236
47.240316	-88.499867	357.196	14049.638
47.240238	-88.499696	357.727	14065.529
47.240153	-88.499369	357.886	14091.976
47.240108	-88.49917	358.026	14107.843
47.240085	-88.498987	357.286	14121.854
47.239989	-88.49886	359.858	14135.996
47.239926	-88.498894	361.268	14143.17
47.239799	-88.498964	365.42	14158.274
47.23964	-88.498939	367.589	14175.721
47.239523	-88.498914	368.899	14188.932
47.239491	-88.498921	368.518	14192.423
47.239389	-88.498952	369.378	14203.951
47.239271	-88.499072	371.099	14219.257
47.239113	-88.499256	366.737	14240.341
47.239086	-88.499307	366.437	14245.073
47.238924	-88.499429	366.808	14265.639
47.238837	-88.499535	369.368	14278.229
47.238813	-88.499564	369.828	14281.711
47.238728	-88.499551	370.908	14291.632
47.238646	-88.49945	373.25	14303.473
47.238631	-88.499432	373.44	14305.537
47.238485	-88.499303	376.57	14324.458
47.238356	-88.499237	379.149	14340.056
47.238293	-88.499254	381.6	14346.984
47.23822	-88.499251	383.71	14354.998
47.238098	-88.499167	384.889	14369.329
47.238033	-88.499056	384.919	14378.717
47.238004	-88.498927	385.558	14388.401
47.237983	-88.498805	385.898	14397.736
47.237844	-88.4986	385.478	14419.643
47.237763	-88.498441	384.247	14434.764
47.23767	-88.498257	381.246	14451.824
47.237645	-88.498098	378.776	14463.931
47.237667	-88.497926	377.086	14476.279
47.237752	-88.497637	375.856	14499.645
47.237806	-88.497485	376.487	14512.638
47.237784	-88.497338	376.026	14523.917
47.237754	-88.497255	373.496	14531.121
47.237743	-88.497173	375.478	14537.459
47.237754	-88.496972	374.756	14552.489
47.237734	-88.49675	375.137	14568.739
47.237751	-88.49638	376.527	14595.605
47.23772	-88.496181	378.279	14611.171
47.237629	-88.495944	377.868	14631.957
47.237592	-88.495759	376.347	14646.139
47.237506	-88.495494	377.107	14668.006
47.237479	-88.495362	376.876	14678.384
47.237449	-88.495212	378.597	14692.184
47.237434	-88.4952	379.368	14694.092
47.237305	-88.495156	380.629	14708.956
47.237197	-88.495119	380.007	14720.958
47.237092	-88.495117	378.496	14732.504
47.236998	-88.495022	375.946	14744.339
47.236976	-88.494939	376.177	14750.461
47.236938	-88.494678	375.347	14769.577
47.236962	-88.494499	375.378	14783.028
47.236959	-88.494394	375.498	14791.078
47.236839	-88.494196	376.487	14810.751
47.236775	-88.494126	377.367	14819.281
47.236684	-88.494111	375.757	14828.586
47.236667	-88.494113	375.478	14830.344
47.236576	-88.494066	375.459	14840.314
47.236552	-88.49402	375.639	14843.42
47.236587	-88.493821	373.898	14857.396
47.236603	-88.493772	373.678	14861.328
47.23662	-88.493592	373.459	14875.261
47.236629	-88.493433	374.089	14887.381
47.236622	-88.493359	375.75	14892.586
47.236633	-88.493289	376.289	14897.591
47.236678	-88.493197	378.22	14904.569
47.236754	-88.493056	379.96	14917.977
47.236874	-88.492906	382.239	14935.392
47.236916	-88.492856	382.909	14941.328
47.236933	-88.492697	386.421	14953.665
47.236878	-88.492477	387.261	14971.418
47.236869	-88.492428	387.971	14975.111
47.236861	-88.492345	388.561	14981.408
47.236864	-88.492281	389.112	14986.01
47.236765	-88.492076	388.64	15003.965
47.236606	-88.491907	388.409	15025.712
47.23654	-88.491725	388.509	15041.188
47.23649	-88.491473	385.707	15060.686
47.236479	-88.491433	385.288	15063.975
47.236403	-88.491199	383.298	15083.372
47.236302	-88.491028	382.438	15100.443
47.236219	-88.490817	381.999	15118.853
47.236226	-88.490552	378.957	15138.439
47.236232	-88.490484	378.537	15143.348
47.236293	-88.490476	380.188	15150.425
47.236368	-88.490443	381.118	15159.232
47.23643	-88.490293	380.748	15172.354
47.236447	-88.490188	381.799	15180.393
47.236408	-88.490087	383.879	15189.008
47.236329	-88.490042	384.31	15198.144
47.236147	-88.490067	385.839	15218.292
47.236002	-88.490189	385.358	15236.658
47.235948	-88.490356	382.677	15250.139
47.235937	-88.490386	381.947	15252.529
47.235844	-88.490534	377.366	15267.534
47.235751	-88.490611	376.847	15279.295
47.235703	-88.490789	375.917	15293.163
47.235715	-88.490846	375.707	15297.568
47.235761	-88.490997	375.557	15309.862
47.235835	-88.491134	377.378	15322.824
47.235852	-88.49118	375.508	15325.931
47.235747	-88.49121	374.858	15336.982
47.235626	-88.491227	377.369	15350.111
47.235604	-88.491244	377.009	15352.796
47.23553	-88.491323	376.908	15361.904
47.235454	-88.491457	378.719	15372.56
47.235373	-88.491515	378.279	15383.515
47.235247	-88.491479	379.13	15396.371
47.235206	-88.491359	378.92	15404.882
47.235199	-88.491227	377.779	15414.274
47.235207	-88.491156	378.009	15419.524
47.23524	-88.491034	380.591	15428.418
47.235307	-88.490952	380.949	15438.203
47.235437	-88.490912	380.909	15452.908
47.235474	-88.490878	380.499	15457.854
47.235528	-88.490712	381.369	15471.692
47.235535	-88.490625	381.429	15478.235
47.235536	-88.490401	380.869	15495.157
47.235487	-88.490224	380.178	15509.464
47.235381	-88.490218	382.529	15520.822
47.235355	-88.490201	382.339	15523.899
47.235276	-88.490152	385.03	15533.411
47.2352     -88.490156	385.16	15540.409
47.235083	-88.490218	383.249	15553.182
47.235014	-88.490394	383.108	15566.668
47.234994	-88.490473	383.098	15572.567
47.234857	-88.490548	382.788	15589.039
47.234779	-88.490507	383.329	15591.595
47.234731	-88.490443	385.31	15598.562
47.234543	-88.490307	385.409	15621.737
47.234494	-88.490292	384.939	15627.176
47.234427	-88.49026	378.867	15632.626
47.234399	-88.490243	377.368	15634.911
47.234276	-88.490205	377.978	15648.807
47.234231	-88.490182	377.508	15653.329
47.234141	-88.490333	378.838	15667.014
47.234105	-88.490452	379.649	15676.143
47.234086	-88.490711	385.37	15694.148
47.234161	-88.490909	388.04	15711.2
47.234128	-88.491124	388.44	15726.568
47.234148	-88.491298	384.027	15739.619
47.234077	-88.49143	381.138	15752.427
47.23404	-88.491442	379.497	15755.337
47.233887	-88.491425	378.688	15771.415
47.233838	-88.491399	378.658	15777.014
47.233701	-88.491478	374.626	15791.893
47.233545	-88.491453	373.166	15809.123
47.233377	-88.491305	370.606	15831.661
47.233417	-88.491199	370.827	15840.646
47.233473	-88.49108	373.748	15851.696
47.233428	-88.490966	375.439	15861.828
47.233413	-88.490827	376.799	15872.601
47.233413	-88.490726	376.979	15879.74
47.23333	-88.490558	378.669	15895.222
47.233249	-88.49048	379.469	15905.968
47.233167	-88.490305	380.649	15921.984
47.233077	-88.490202	380.818	15934.565
47.232969	-88.490199	381.208	15946.733
47.232894	-88.490134	381.989	15956.287
47.232806	-88.490108	383.34	15966.209
47.232695	-88.489974	383.19	15982.586
47.232637	-88.489823	382.509	15994.883
47.232652	-88.4897	380.948	16003.889
47.232698	-88.489535	379.638	16016.69
47.232769	-88.489497	381.159	16024.894
47.232811	-88.489423	380.919	16032.204
47.23288	-88.489275	380.179	16045.564
47.23299	-88.489229	382.639	16058.23
47.233027	-88.489301	388.401	16065.06
47.233099	-88.489475	391.75	16080.443
47.233161	-88.489633	394.06	16093.952
47.233179	-88.489654	393.47	16096.441
47.233218	-88.489831	392.209	16110.665
47.233223	-88.489877	393.039	16114.049
47.233392	-88.490046	389.408	16136.534
47.233576	-88.490041	383.817	16156.816
47.233733	-88.489953	378.856	16175.458
47.233867	-88.489848	380.328	16192.854
47.233974	-88.48982	382.499	16204.914
47.234101	-88.489779	385.22	16219.487
47.234179	-88.489761	385.92	16228.286
47.234273	-88.489848	390.471	16240.878
47.234395	-88.489883	391.021	16254.786
47.234533	-88.489872	389.45	16269.86
47.234674	-88.489795	389.98	16286.551
47.234771	-88.489785	391.501	16297.327
47.234907	-88.489748	391.79	16312.948
47.235017	-88.489603	392.09	16329.942
47.235054	-88.489487	390.599	16339.673
47.235141	-88.489438	391.28	16349.927
47.235193	-88.489487	395.311	16356.735
47.235256	-88.48969	392.539	16373.754
47.235297	-88.489776	390.138	16381.893
47.235416	-88.489813	387.788	16395.516
47.235548	-88.489871	385.238	16411.191
47.235612	-88.489827	383.607	16419.127
47.235656	-88.489648	383.348	16435.922
47.23568	-88.489511	385.809	16446.172
47.235745	-88.48942	384.529	16455.723
47.235766	-88.48946	387.82	16459.891
47.235802	-88.489504	391.431	16465.064
47.235933	-88.489613	394.521	16481.793
47.236095	-88.489693	397.121	16501.076
47.23621	-88.489689	395.32	16513.873
47.236291	-88.489607	392.85	16523.93
47.23629	-88.48945	392.31	16535.873
47.236233	-88.489238	388.949	16553.238
47.23626	-88.489108	386.568	16563.49
47.236323	-88.488935	383.568	16578.254
47.236297	-88.488768	384.279	16591.332
47.236267	-88.48872	384.529	16596.227
47.236196	-88.488725	384.369	16603.613
47.236168	-88.488702	384.62	16606.967
47.236035	-88.488539	383.029	16626.262
47.235881	-88.488545	383.409	16643.727
47.235785	-88.488602	385.79	16653.701
47.235691	-88.488635	387.411	16664.537
47.235527	-88.488616	390.321	16683.014
47.235298	-88.488659	392.241	16708.783
47.235246	-88.488651	392.071	16714.445
47.235093	-88.488735	392.551	16732.33
47.234963	-88.488787	390.109	16747.281
47.234929	-88.488782	389.7	16751.041
47.234842	-88.488762	390.46	16760.658
47.234643	-88.488748	390.05	16782.842
47.234555	-88.48865	388.539	16793.701
47.234495	-88.488468	386.399	16808.293
47.234391	-88.488211	381.257	16829.691
47.234375	-88.488138	379.956	16835.389
47.234501	-88.488208	379.798	16850.057
47.234536	-88.48823	380.029	16854.254
47.234702	-88.488224	380.239	16872.711
47.23474	-88.488228	380.139	16877.014
47.234973	-88.488241	381.37	16902.92
47.235146	-88.4882	383.18	16922.588
47.235272	-88.488105	385.461	16938.408
47.235304	-88.488076	385.681	16942.555
47.235499	-88.488011	390.272	16964.66
47.235663	-88.487888	390.961	16985.02
47.235727	-88.487749	390.671	16998.09
47.235781	-88.487539	391.98	17015.109
47.235833	-88.487299	392.29	17034.123
47.23588	-88.487198	392.84	17043.41
47.235893	-88.487136	394.57	17048.244
47.235803	-88.487132	394.58	17058.209
47.23574	-88.48722	394	17067.689
47.235666	-88.487211	390.208	17077.344
47.235651	-88.487174	389.328	17080.561
47.235712	-88.486955	385.939	17098.572
47.235748	-88.486783	385.109	17112.238
47.235814	-88.486562	384.159	17130.24
47.235894	-88.486397	384.02	17145.369
47.235914	-88.48636	385.14	17148.891
47.235962	-88.486337	393.863	17154.074
47.235934	-88.486411	406.286	17160.463
47.23586	-88.486475	419.076	17169.377
47.235859	-88.486577	426.406	17177.291
47.235908	-88.486528	433.106	17183.771
47.235918	-88.486495	434.256	17186.41
47.236039	-88.486279	436.674	17207.105
47.236284	-88.486126	411.218	17231.549
47.236461	-88.485971	403.768	17254.414
47.236533	-88.485886	404.179	17264.109
47.236619	-88.485963	409.281	17275.363
47.236729	-88.486018	408.961	17288.469
47.236902	-88.485968	403.379	17307.344
47.237027	-88.485837	399.518	17324.205
47.23706	-88.485796	399.549	17328.943
47.237066	-88.48563	401.18	17339.992
47.237131	-88.485143	400.99	17373.998
47.237154	-88.484991	398.579	17385.695
47.237138	-88.484828	395.038	17398.268
47.237014	-88.48478	392.268	17411.01
47.236851	-88.484866	394.52	17418.705
47.236782	-88.484873	395.791	17418.705
47.236601	-88.485048	404.373	17440.68
47.236527	-88.485181	407.374	17452.9
47.236449	-88.485331	409.543	17466.678
47.236324	-88.485573	410.073	17485.941
47.23619	-88.485757	410.863	17499.656
47.236115	-88.485954	406.281	17516.434
47.236084	-88.485989	403.53	17520.779
47.235979	-88.485896	398.09	17532.297
47.235968	-88.485859	396.679	17534.891
47.235952	-88.485711	393.389	17545.371
47.23598	-88.48546	390.21	17563.703
47.236062	-88.485092	385.458	17592.863
47.236123	-88.484971	383.979	17603.82
47.236244	-88.484795	380.248	17622.686
47.236339	-88.484585	380.219	17641.295
47.236372	-88.484509	382.33	17647.461
47.236499	-88.484444	388.683	17661.885
47.236691	-88.484291	386.401	17686.09
47.236832	-88.484206	382.72	17703.164
47.236951	-88.484208	380.84	17716.303
47.237074	-88.484174	380.11	17730.262
47.237157	-88.484116	383.561	17740.529
47.237211	-88.48408	388.713	17746.236
47.237185	-88.484182	398.505	17755.088
47.237196	-88.484199	399.104	17756.574
47.237311	-88.484193	396.502	17767.227
47.237399	-88.484297	394.651	17779.246
47.237465	-88.484363	395.362	17787.627
47.237497	-88.484355	394.331	17790.113
47.237542	-88.484247	393.731	17799.215
47.237624	-88.48414	395.902	17811.381
47.237625	-88.484011	396.852	17820.682
47.237637	-88.483841	397.432	17833.529
47.237632	-88.483778	397.561	17838.422
47.237481	-88.483737	399.282	17855.551
47.237287	-88.48367	398.121	17877.115
47.23719	-88.483705	397.331	17887.66
47.237065	-88.483527	392.84	17907.076
47.237038	-88.483385	391.44	17917.576
47.237023	-88.483343	391.2	17920.479
47.237092	-88.483183	387.78	17934.682
47.237151	-88.483045	387.55	17947.004
47.237207	-88.482965	387.43	17955.492
47.237305	-88.48288	388.961	17967.803
47.23748	-88.482676	389.071	17992.604
47.237573	-88.482531	394.062	18007.721
47.237672	-88.482398	394.892	18022.561
47.237738	-88.482332	396.212	18031.258
47.237855	-88.48225	396.332	18045.955
47.23788	-88.482218	396.002	18049.541
47.23796	-88.482026	394.871	18067
47.237982	-88.481743	393.232	18088.373
47.237988	-88.481704	393.111	18091.373
47.237998	-88.481606	391.981	18097.25
47.237952	-88.48161	393.383	18099.822
47.237738	-88.481654	395.516	18121.387
47.23762	-88.481748	393.133	18136.502
47.237502	-88.481864	392.272	18152.424
47.2374     -88.482055	392.022	18170.727
47.237263	-88.482336	392.422	18194.369
47.237224	-88.482402	393.852	18200.398
47.237028	-88.482495	396.343	18223.121
47.236853	-88.482447	389.64	18244.785
47.236847	-88.482367	384.919	18250.869
47.236871	-88.482246	382.309	18260.588
47.236975	-88.482084	378.969	18277.693
47.237076	-88.481974	378.15	18291.744
47.237207	-88.481921	377.54	18306.537
47.237298	-88.481871	378.401	18317.307
47.237315	-88.481834	378.382	18320.611
47.237422	-88.481583	378.982	18343.076
47.237476	-88.481378	379.711	18359.824
47.237524	-88.481271	379.622	18369.549
47.237622	-88.481133	382.172	18384.443
47.237762	-88.481014	381.041	18402.451
47.238      -88.480907	379.631	18430.197
47.238127	-88.480784	379.111	18447.107
47.238189	-88.480697	379.891	18456.633
47.238317	-88.480515	380.751	18476.486
47.238426	-88.480402	380.182	18491.408
47.238593	-88.480188	382.313	18516.098
47.238617	-88.480124	383.233	18521.527
47.238705	-88.479846	385.403	18544.131
47.238796	-88.479613	392.074	18563.258
47.238813	-88.479595	393.615	18565.463
47.238838	-88.47943	399.096	18577.746
47.238851	-88.479072	396.653	18602.494
47.23896	-88.478698	390.811	18632.404
47.238993	-88.478345	386.641	18657.867
47.238966	-88.478126	382.019	18674.398
47.238905	-88.477708	377.031	18706.709
47.238833	-88.477458	376.281	18727.283
47.238803	-88.477259	376.333	18742.752
47.238742	-88.477185	376.253	18751.643
47.238693	-88.477123	377.354	18758.613
47.238631	-88.476973	382.106	18770.369
47.238621	-88.476812	383.025	18781.428
47.238612	-88.47678	383.215	18784.049
47.238555	-88.476614	383.004	18797.393
47.238482	-88.476436	384.684	18812.697
47.23841	-88.476314	384.504	18823.592
47.238321	-88.476056	385.354	18841.061
47.238321	-88.475839	385.815	18855.92
47.238336	-88.475632	386.936	18870.889
47.238352	-88.475409	390.266	18886.645
47.238351	-88.475363	390.715	18889.637
47.238431	-88.475156	390.235	18906.152
47.238513	-88.474953	387.994	18923.676
47.238559	-88.474679	388.714	18945.045
47.238601	-88.474403	388.544	18965.818
47.238603	-88.474194	387.534	18981.068
47.238629	-88.473937	386.374	19000.215
47.238624	-88.473718	385.994	19015.502
47.238544	-88.473551	387.865	19030.234
47.238432	-88.473352	387.604	19049.584
47.238339	-88.4731	387.414	19070.93
47.238333	-88.472833	386.454	19091.51
47.238347	-88.47265	386.834	19105.416
47.238332	-88.47256	388.785	19112.148
47.238288	-88.47244	389.976	19121.76
47.238174	-88.472241	391.486	19133.84
47.238133	-88.472155	392.836	19134.65
47.238151	-88.472009	394.647	19145.73
47.238188	-88.471859	393.896	19157.768
47.238191	-88.471638	391.225	19173.816
47.238205	-88.471438	391.825	19186.697
47.238243	-88.471264	391.715	19198.094
47.23827	-88.471145	390.115	19206.92
47.238256	-88.471008	388.985	19214.51
47.238253	-88.470974	389.365	19215.6
47.238278	-88.470998	396.118	19219.457
47.238266	-88.471026	401.92	19221.697
47.238222	-88.471244	410.26	19238.852
47.238327	-88.471244	406.988	19249.475
47.238475	-88.471051	402.807	19270.535
47.238532	-88.470878	401.797	19285.104
47.238547	-88.470784	400.547	19292.381
47.238548	-88.470574	397.716	19308.24
47.238501	-88.47045	395.715	19320.588
47.238409	-88.470353	393.714	19333.748
47.238337	-88.470057	385.871	19354.91
47.238334	-88.46999	384.081	19359.861
47.238299	-88.469671	377.942	19383.812
47.238306	-88.469485	377.443	19396.752
47.238304	-88.469378	379.115	19404.184
47.238223	-88.469236	381.186	19418.525
47.238097	-88.46893	383.597	19445.271
47.238072	-88.468802	384.667	19455.148
47.238066	-88.468546	388.229	19474.404
47.238051	-88.468509	388.258	19477.637
47.238015	-88.468421	387.578	19485.27
47.238036	-88.468152	386.296	19505.613
47.238167	-88.467754	384.695	19538.947
47.238185	-88.4677	384.635	19543.463
47.238286	-88.467359	383.405	19571.703
47.238306	-88.466998	383.526	19599.252
47.238305	-88.466906	383.336	19606.09
47.238332	-88.466916	386.537	19612.588
47.238325	-88.466953	388.078	19615.209
47.238399	-88.467365	392.678	19647.689
47.238405	-88.467648	395.659	19668.959
47.238406	-88.467891	408.284	19686.785
47.238455	-88.468188	410.23	19710.252
47.238561	-88.468531	404.948	19738.285
47.238603	-88.468678	403.447	19750.396
47.238729	-88.469129	394.854	19787.275
47.238726	-88.469406	396.556	19808.131
47.238719	-88.469676	395.306	19828.752
47.238705	-88.469883	391.595	19844.197
47.238684	-88.470166	392.456	19864.916
47.238696	-88.470371	395.957	19880.143
47.238827	-88.470438	396.197	19896.779
47.238941	-88.470336	394.236	19911.301
47.239051	-88.470129	391.926	19931.043
47.239102	-88.46982	387.003	19955.381
47.239104	-88.469741	385.723	19961.016
47.239114	-88.469577	384.193	19973.244
47.239126	-88.469314	383.103	19991.59
47.239193	-88.468893	380.363	20024.238
47.239192	-88.468598	378.462	20046.018
47.239175	-88.468453	377.773	20056.676
47.239139	-88.468227	375.473	20073.963
47.239002	-88.467914	373.202	20102.217
47.23895	-88.467733	374.003	20117.201
47.238948	-88.4676	375.864	20127.223
47.238902	-88.467314	375.675	20149.57
47.238875	-88.467122	375.695	20164.387
47.23889	-88.466923	375.385	20179.451
47.238864	-88.466772	374.345	20191.1
47.238778	-88.466498	374.515	20213.762
47.238725	-88.466341	375.916	20227.174
47.238611	-88.466253	377.447	20241.492
47.238561	-88.46608	377.376	20256.344
47.238613	-88.465761	374.887	20281.02
47.23862	-88.465701	374.176	20285.6
47.238606	-88.46535	370.486	20310.299
47.238623	-88.465111	369.757	20328.367
47.238624	-88.465007	369.456	20336.395
47.238638	-88.465003	370.326	20338
47.238688	-88.465036	373.837	20343.748
47.238669	-88.465028	375.237	20345.9
